#,Label,Interval,Total,Time Recorded
000,Start #1,---,---,2023-04-08T06:49:47.347Z
001,Split #1,00:00:04.045,00:00:04.045,2023-04-08T06:49:51.392Z
002,Split #2,00:00:03.503,00:00:07.548,2023-04-08T06:49:54.895Z
003,Split #3,00:00:03.747,00:00:11.295,2023-04-08T06:49:58.642Z
004,Split #4,00:00:03.622,00:00:14.917,2023-04-08T06:50:02.264Z
005,Split #5,00:00:03.352,00:00:18.269,2023-04-08T06:50:05.616Z
006,Split #6,00:00:03.759,00:00:22.028,2023-04-08T06:50:09.375Z
007,Split #7,00:00:03.689,00:00:25.717,2023-04-08T06:50:13.064Z
008,Split #8,00:00:03.364,00:00:29.081,2023-04-08T06:50:16.428Z
009,Split #9,00:00:03.340,00:00:32.421,2023-04-08T06:50:19.768Z
010,Split #10,00:00:03.545,00:00:35.966,2023-04-08T06:50:23.313Z
011,Split #11,00:00:03.600,00:00:39.566,2023-04-08T06:50:26.913Z
012,Split #12,00:00:03.375,00:00:42.941,2023-04-08T06:50:30.288Z
013,Split #13,00:00:03.399,00:00:46.340,2023-04-08T06:50:33.687Z
014,Split #14,00:00:03.722,00:00:50.062,2023-04-08T06:50:37.409Z
015,Split #15,00:00:03.915,00:00:53.977,2023-04-08T06:50:41.324Z
016,Split #16,00:00:04.353,00:00:58.330,2023-04-08T06:50:45.677Z
017,Split #17,00:00:04.208,00:01:02.538,2023-04-08T06:50:49.885Z
018,Split #18,00:00:04.027,00:01:06.565,2023-04-08T06:50:53.912Z
019,Split #19,00:00:04.118,00:01:10.683,2023-04-08T06:50:58.030Z
020,Split #20,00:00:04.241,00:01:14.924,2023-04-08T06:51:02.271Z
021,Split #21,00:00:04.365,00:01:19.289,2023-04-08T06:51:06.636Z
022,Split #22,00:00:03.702,00:01:22.991,2023-04-08T06:51:10.338Z
023,Split #23,00:00:03.780,00:01:26.771,2023-04-08T06:51:14.118Z
024,Split #24,00:00:03.926,00:01:30.697,2023-04-08T06:51:18.044Z
025,Split #25,00:00:04.320,00:01:35.017,2023-04-08T06:51:22.364Z
026,Split #26,00:00:04.027,00:01:39.044,2023-04-08T06:51:26.391Z
027,Split #27,00:00:03.623,00:01:42.667,2023-04-08T06:51:30.014Z
028,Split #28,00:00:03.557,00:01:46.224,2023-04-08T06:51:33.571Z
029,Split #29,00:00:03.373,00:01:49.597,2023-04-08T06:51:36.944Z
030,Split #30,00:00:03.532,00:01:53.129,2023-04-08T06:51:40.476Z
031,Split #31,00:00:03.264,00:01:56.393,2023-04-08T06:51:43.740Z
032,Split #32,00:00:03.520,00:01:59.913,2023-04-08T06:51:47.260Z
033,Split #33,00:00:03.938,00:02:03.851,2023-04-08T06:51:51.198Z
034,Split #34,00:00:03.330,00:02:07.181,2023-04-08T06:51:54.528Z
035,Split #35,00:00:03.172,00:02:10.353,2023-04-08T06:51:57.700Z
036,Split #36,00:00:02.881,00:02:13.234,2023-04-08T06:52:00.581Z
037,Split #37,00:00:02.744,00:02:15.978,2023-04-08T06:52:03.325Z
038,Split #38,00:00:02.522,00:02:18.500,2023-04-08T06:52:05.847Z
039,Split #39,00:00:02.250,00:02:20.750,2023-04-08T06:52:08.097Z
040,Split #40,00:00:02.619,00:02:23.369,2023-04-08T06:52:10.716Z
041,Split #41,00:00:02.634,00:02:26.003,2023-04-08T06:52:13.350Z
042,Split #42,00:00:02.609,00:02:28.612,2023-04-08T06:52:15.959Z
043,Split #43,00:00:02.846,00:02:31.458,2023-04-08T06:52:18.805Z
044,Split #44,00:00:02.452,00:02:33.910,2023-04-08T06:52:21.257Z
045,Split #45,00:00:02.791,00:02:36.701,2023-04-08T06:52:24.048Z
046,Split #46,00:00:02.655,00:02:39.356,2023-04-08T06:52:26.703Z
047,Split #47,00:00:02.970,00:02:42.326,2023-04-08T06:52:29.673Z
048,Split #48,00:00:04.319,00:02:46.645,2023-04-08T06:52:33.992Z
049,Split #49,00:00:04.748,00:02:51.393,2023-04-08T06:52:38.740Z
050,Split #50,00:00:03.724,00:02:55.117,2023-04-08T06:52:42.464Z
051,Split #51,00:00:03.285,00:02:58.402,2023-04-08T06:52:45.749Z
052,Split #52,00:00:02.655,00:03:01.057,2023-04-08T06:52:48.404Z
053,Split #53,00:00:02.623,00:03:03.680,2023-04-08T06:52:51.027Z
054,Split #54,00:00:02.451,00:03:06.131,2023-04-08T06:52:53.478Z
055,Split #55,00:00:02.498,00:03:08.629,2023-04-08T06:52:55.976Z
056,Split #56,00:00:02.182,00:03:10.811,2023-04-08T06:52:58.158Z
057,Split #57,00:00:02.624,00:03:13.435,2023-04-08T06:53:00.782Z
058,Split #58,00:00:02.573,00:03:16.008,2023-04-08T06:53:03.355Z
059,Split #59,00:00:02.521,00:03:18.529,2023-04-08T06:53:05.876Z
060,Split #60,00:00:02.249,00:03:20.778,2023-04-08T06:53:08.125Z
061,Split #61,00:00:02.296,00:03:23.074,2023-04-08T06:53:10.421Z
062,Split #62,00:00:02.058,00:03:25.132,2023-04-08T06:53:12.479Z
063,Split #63,00:00:02.072,00:03:27.204,2023-04-08T06:53:14.551Z
064,Split #64,00:00:02.788,00:03:29.992,2023-04-08T06:53:17.339Z
065,Split #65,00:00:02.340,00:03:32.332,2023-04-08T06:53:19.679Z
066,Split #66,00:00:02.160,00:03:34.492,2023-04-08T06:53:21.839Z
067,Split #67,00:00:02.137,00:03:36.629,2023-04-08T06:53:23.976Z
068,Split #68,00:00:01.925,00:03:38.554,2023-04-08T06:53:25.901Z
069,Split #69,00:00:02.024,00:03:40.578,2023-04-08T06:53:27.925Z
070,Split #70,00:00:01.914,00:03:42.492,2023-04-08T06:53:29.839Z
071,Split #71,00:00:01.956,00:03:44.448,2023-04-08T06:53:31.795Z
072,Split #72,00:00:01.845,00:03:46.293,2023-04-08T06:53:33.640Z
073,Split #73,00:00:02.049,00:03:48.342,2023-04-08T06:53:35.689Z
074,Split #74,00:00:02.182,00:03:50.524,2023-04-08T06:53:37.871Z
075,Split #75,00:00:01.957,00:03:52.481,2023-04-08T06:53:39.828Z
076,Split #76,00:00:01.778,00:03:54.259,2023-04-08T06:53:41.606Z
077,Split #77,00:00:03.273,00:03:57.532,2023-04-08T06:53:44.879Z
078,Split #78,00:00:02.611,00:04:00.143,2023-04-08T06:53:47.490Z
079,Split #79,00:00:03.039,00:04:03.182,2023-04-08T06:53:50.529Z
080,Split #80,00:00:03.901,00:04:07.083,2023-04-08T06:53:54.430Z
081,Split #81,00:00:04.917,00:04:12.000,2023-04-08T06:53:59.347Z
082,Split #82,00:00:04.590,00:04:16.590,2023-04-08T06:54:03.937Z
083,Split #83,00:00:04.613,00:04:21.203,2023-04-08T06:54:08.550Z
084,Split #84,00:00:02.834,00:04:24.037,2023-04-08T06:54:11.384Z
085,Split #85,00:00:02.849,00:04:26.886,2023-04-08T06:54:14.233Z
086,Split #86,00:00:02.675,00:04:29.561,2023-04-08T06:54:16.908Z
087,Split #87,00:00:02.632,00:04:32.193,2023-04-08T06:54:19.540Z
088,Split #88,00:00:03.376,00:04:35.569,2023-04-08T06:54:22.916Z
089,Split #89,00:00:04.118,00:04:39.687,2023-04-08T06:54:27.034Z
090,Split #90,00:00:03.014,00:04:42.701,2023-04-08T06:54:30.048Z
091,Split #91,00:00:03.083,00:04:45.784,2023-04-08T06:54:33.131Z
092,Split #92,00:00:03.308,00:04:49.092,2023-04-08T06:54:36.439Z
093,Split #93,00:00:03.239,00:04:52.331,2023-04-08T06:54:39.678Z
094,Split #94,00:00:03.150,00:04:55.481,2023-04-08T06:54:42.828Z
095,Split #95,00:00:03.083,00:04:58.564,2023-04-08T06:54:45.911Z
096,Split #96,00:00:03.296,00:05:01.860,2023-04-08T06:54:49.207Z
097,Split #97,00:00:03.397,00:05:05.257,2023-04-08T06:54:52.604Z
098,Split #98,00:00:03.195,00:05:08.452,2023-04-08T06:54:55.799Z
099,Split #99,00:00:03.015,00:05:11.467,2023-04-08T06:54:58.814Z
100,Split #100,00:00:02.970,00:05:14.437,2023-04-08T06:55:01.784Z
101,Split #101,00:00:03.309,00:05:17.746,2023-04-08T06:55:05.093Z
102,Split #102,00:00:02.992,00:05:20.738,2023-04-08T06:55:08.085Z
103,Split #103,00:00:03.083,00:05:23.821,2023-04-08T06:55:11.168Z
104,Split #104,00:00:03.239,00:05:27.060,2023-04-08T06:55:14.407Z
105,Split #105,00:00:03.218,00:05:30.278,2023-04-08T06:55:17.625Z
106,Split #106,00:00:02.969,00:05:33.247,2023-04-08T06:55:20.594Z
107,Split #107,00:00:03.039,00:05:36.286,2023-04-08T06:55:23.633Z
108,Split #108,00:00:03.047,00:05:39.333,2023-04-08T06:55:26.680Z
109,Split #109,00:00:02.881,00:05:42.214,2023-04-08T06:55:29.561Z
110,Split #110,00:00:02.857,00:05:45.071,2023-04-08T06:55:32.418Z
111,Split #111,00:00:02.745,00:05:47.816,2023-04-08T06:55:35.163Z
112,Split #112,00:00:02.679,00:05:50.495,2023-04-08T06:55:37.842Z
113,Split #113,00:00:03.048,00:05:53.543,2023-04-08T06:55:40.890Z
114,Split #114,00:00:02.947,00:05:56.490,2023-04-08T06:55:43.837Z
115,Split #115,00:00:02.981,00:05:59.471,2023-04-08T06:55:46.818Z
116,Split #116,00:00:02.801,00:06:02.272,2023-04-08T06:55:49.619Z
117,Split #117,00:00:03.432,00:06:05.704,2023-04-08T06:55:53.051Z
118,Split #118,00:00:03.172,00:06:08.876,2023-04-08T06:55:56.223Z
119,Split #119,00:00:03.173,00:06:12.049,2023-04-08T06:55:59.396Z
120,Split #120,00:00:03.354,00:06:15.403,2023-04-08T06:56:02.750Z
121,Split #121,00:00:02.451,00:06:17.854,2023-04-08T06:56:05.201Z
122,Split #122,00:00:01.968,00:06:19.822,2023-04-08T06:56:07.169Z
123,Split #123,00:00:02.858,00:06:22.680,2023-04-08T06:56:10.027Z
124,Split #124,00:00:03.881,00:06:26.561,2023-04-08T06:56:13.908Z
125,Split #125,00:00:02.927,00:06:29.488,2023-04-08T06:56:16.835Z
126,Split #126,00:00:03.420,00:06:32.908,2023-04-08T06:56:20.255Z
127,Split #127,00:00:03.915,00:06:36.823,2023-04-08T06:56:24.170Z
128,Split #128,00:00:03.803,00:06:40.626,2023-04-08T06:56:27.973Z
129,Split #129,00:00:04.554,00:06:45.180,2023-04-08T06:56:32.527Z
130,Split #130,00:00:05.051,00:06:50.231,2023-04-08T06:56:37.578Z
131,Split #131,00:00:05.583,00:06:55.814,2023-04-08T06:56:43.161Z
132,Split #132,00:00:06.140,00:07:01.954,2023-04-08T06:56:49.301Z
133,Split #133,00:00:07.314,00:07:09.268,2023-04-08T06:56:56.615Z
134,Split #134,00:00:04.656,00:07:13.924,2023-04-08T06:57:01.271Z
135,Split #135,00:00:04.387,00:07:18.311,2023-04-08T06:57:05.658Z
136,Split #136,00:00:04.388,00:07:22.699,2023-04-08T06:57:10.046Z
137,Split #137,00:00:05.018,00:07:27.717,2023-04-08T06:57:15.064Z
138,Split #138,00:00:03.870,00:07:31.587,2023-04-08T06:57:18.934Z
139,Split #139,00:00:04.342,00:07:35.929,2023-04-08T06:57:23.276Z
140,Split #140,00:00:04.590,00:07:40.519,2023-04-08T06:57:27.866Z
141,Split #141,00:00:03.948,00:07:44.467,2023-04-08T06:57:31.814Z
142,Split #142,00:00:04.197,00:07:48.664,2023-04-08T06:57:36.011Z
143,Split #143,00:00:03.836,00:07:52.500,2023-04-08T06:57:39.847Z
144,Split #144,00:00:04.163,00:07:56.663,2023-04-08T06:57:44.010Z
145,Split #145,00:00:04.095,00:08:00.758,2023-04-08T06:57:48.105Z
146,Split #146,00:00:03.376,00:08:04.134,2023-04-08T06:57:51.481Z
147,Split #147,00:00:04.183,00:08:08.317,2023-04-08T06:57:55.664Z
148,Split #148,00:00:04.276,00:08:12.593,2023-04-08T06:57:59.940Z
149,Split #149,00:00:02.779,00:08:15.372,2023-04-08T06:58:02.719Z
150,Split #150,00:00:03.194,00:08:18.566,2023-04-08T06:58:05.913Z
151,Split #151,00:00:03.150,00:08:21.716,2023-04-08T06:58:09.063Z
152,Split #152,00:00:03.038,00:08:24.754,2023-04-08T06:58:12.101Z
153,Split #153,00:00:02.542,00:08:27.296,2023-04-08T06:58:14.643Z
154,Split #154,00:00:02.611,00:08:29.907,2023-04-08T06:58:17.254Z
155,Split #155,00:00:02.587,00:08:32.494,2023-04-08T06:58:19.841Z
156,Split #156,00:00:02.452,00:08:34.946,2023-04-08T06:58:22.293Z
157,Split #157,00:00:02.273,00:08:37.219,2023-04-08T06:58:24.566Z
158,Split #158,00:00:02.229,00:08:39.448,2023-04-08T06:58:26.795Z
159,Split #159,00:00:02.160,00:08:41.608,2023-04-08T06:58:28.955Z
160,Split #160,00:00:02.137,00:08:43.745,2023-04-08T06:58:31.092Z
161,Split #161,00:00:02.396,00:08:46.141,2023-04-08T06:58:33.488Z
162,Split #162,00:00:02.215,00:08:48.356,2023-04-08T06:58:35.703Z
163,Split #163,00:00:02.197,00:08:50.553,2023-04-08T06:58:37.900Z
164,Split #164,00:00:02.259,00:08:52.812,2023-04-08T06:58:40.159Z
165,Split #165,00:00:02.251,00:08:55.063,2023-04-08T06:58:42.410Z
166,Split #166,00:00:02.070,00:08:57.133,2023-04-08T06:58:44.480Z
167,Split #167,00:00:01.800,00:08:58.933,2023-04-08T06:58:46.280Z
168,Split #168,00:00:02.451,00:09:01.384,2023-04-08T06:58:48.731Z
169,Split #169,00:00:02.204,00:09:03.588,2023-04-08T06:58:50.935Z
170,Split #170,00:00:02.273,00:09:05.861,2023-04-08T06:58:53.208Z
171,Split #171,00:00:02.160,00:09:08.021,2023-04-08T06:58:55.368Z
172,Split #172,00:00:02.229,00:09:10.250,2023-04-08T06:58:57.597Z
173,Split #173,00:00:02.496,00:09:12.746,2023-04-08T06:59:00.093Z
174,Split #174,00:00:02.543,00:09:15.289,2023-04-08T06:59:02.636Z
175,Split #175,00:00:02.745,00:09:18.034,2023-04-08T06:59:05.381Z
176,Split #176,00:00:02.905,00:09:20.939,2023-04-08T06:59:08.286Z
177,Split #177,00:00:03.406,00:09:24.345,2023-04-08T06:59:11.692Z
178,Split #178,00:00:03.060,00:09:27.405,2023-04-08T06:59:14.752Z
179,Split #179,00:00:03.219,00:09:30.624,2023-04-08T06:59:17.971Z
180,Split #180,00:00:03.464,00:09:34.088,2023-04-08T06:59:21.435Z
181,Split #181,00:00:03.387,00:09:37.475,2023-04-08T06:59:24.822Z
182,Split #182,00:00:03.352,00:09:40.827,2023-04-08T06:59:28.174Z
183,Split #183,00:00:03.937,00:09:44.764,2023-04-08T06:59:32.111Z
184,Split #184,00:00:03.331,00:09:48.095,2023-04-08T06:59:35.442Z
185,Split #185,00:00:03.824,00:09:51.919,2023-04-08T06:59:39.266Z
186,Split #186,00:00:03.757,00:09:55.676,2023-04-08T06:59:43.023Z
187,Split #187,00:00:03.803,00:09:59.479,2023-04-08T06:59:46.826Z
188,Split #188,00:00:03.837,00:10:03.316,2023-04-08T06:59:50.663Z
189,Split #189,00:00:03.837,00:10:07.153,2023-04-08T06:59:54.500Z
190,Split #190,00:00:04.026,00:10:11.179,2023-04-08T06:59:58.526Z
191,Split #191,00:00:03.725,00:10:14.904,2023-04-08T07:00:02.251Z
192,Split #192,00:00:03.441,00:10:18.345,2023-04-08T07:00:05.692Z
193,Split #193,00:00:03.690,00:10:22.035,2023-04-08T07:00:09.382Z
194,Split #194,00:00:03.634,00:10:25.669,2023-04-08T07:00:13.016Z
195,Split #195,00:00:03.645,00:10:29.314,2023-04-08T07:00:16.661Z
196,Split #196,00:00:03.646,00:10:32.960,2023-04-08T07:00:20.307Z
197,Split #197,00:00:04.071,00:10:37.031,2023-04-08T07:00:24.378Z
198,Split #198,00:00:03.828,00:10:40.859,2023-04-08T07:00:28.206Z
199,Split #199,00:00:03.575,00:10:44.434,2023-04-08T07:00:31.781Z
200,Split #200,00:00:04.096,00:10:48.530,2023-04-08T07:00:35.877Z
201,Split #201,00:00:03.374,00:10:51.904,2023-04-08T07:00:39.251Z
202,Split #202,00:00:02.700,00:10:54.604,2023-04-08T07:00:41.951Z
203,Split #203,00:00:02.612,00:10:57.216,2023-04-08T07:00:44.563Z
204,Split #204,00:00:02.271,00:10:59.487,2023-04-08T07:00:46.834Z
205,Split #205,00:00:02.363,00:11:01.850,2023-04-08T07:00:49.197Z
206,Split #206,00:00:02.406,00:11:04.256,2023-04-08T07:00:51.603Z
207,Split #207,00:00:02.028,00:11:06.284,2023-04-08T07:00:53.631Z
208,Split #208,00:00:04.160,00:11:10.444,2023-04-08T07:00:57.791Z
209,Split #209,00:00:04.592,00:11:15.036,2023-04-08T07:01:02.383Z
210,Split #210,00:00:03.868,00:11:18.904,2023-04-08T07:01:06.251Z
211,Split #211,00:00:03.645,00:11:22.549,2023-04-08T07:01:09.896Z
212,Split #212,00:00:03.645,00:11:26.194,2023-04-08T07:01:13.541Z
213,Split #213,00:00:04.027,00:11:30.221,2023-04-08T07:01:17.568Z
214,Split #214,00:00:03.848,00:11:34.069,2023-04-08T07:01:21.416Z
215,Split #215,00:00:04.006,00:11:38.075,2023-04-08T07:01:25.422Z
216,Split #216,00:00:04.637,00:11:42.712,2023-04-08T07:01:30.059Z
217,Split #217,00:00:03.251,00:11:45.963,2023-04-08T07:01:33.310Z
218,Split #218,00:00:02.654,00:11:48.617,2023-04-08T07:01:35.964Z
219,Split #219,00:00:02.484,00:11:51.101,2023-04-08T07:01:38.448Z
220,Split #220,00:00:02.408,00:11:53.509,2023-04-08T07:01:40.856Z
221,Split #221,00:00:02.453,00:11:55.962,2023-04-08T07:01:43.309Z
222,Split #222,00:00:02.227,00:11:58.189,2023-04-08T07:01:45.536Z
223,Split #223,00:00:02.216,00:12:00.405,2023-04-08T07:01:47.752Z
224,Split #224,00:00:02.273,00:12:02.678,2023-04-08T07:01:50.025Z
225,Split #225,00:00:02.385,00:12:05.063,2023-04-08T07:01:52.410Z
226,Split #226,00:00:02.294,00:12:07.357,2023-04-08T07:01:54.704Z
227,Split #227,00:00:02.307,00:12:09.664,2023-04-08T07:01:57.011Z
228,Split #228,00:00:02.139,00:12:11.803,2023-04-08T07:01:59.150Z
229,Split #229,00:00:02.113,00:12:13.916,2023-04-08T07:02:01.263Z
230,Split #230,00:00:02.183,00:12:16.099,2023-04-08T07:02:03.446Z
231,Split #231,00:00:02.115,00:12:18.214,2023-04-08T07:02:05.561Z
232,Split #232,00:00:02.048,00:12:20.262,2023-04-08T07:02:07.609Z
233,Split #233,00:00:02.632,00:12:22.894,2023-04-08T07:02:10.241Z
234,Split #234,00:00:02.498,00:12:25.392,2023-04-08T07:02:12.739Z
235,Split #235,00:00:02.160,00:12:27.552,2023-04-08T07:02:14.899Z
236,Split #236,00:00:02.429,00:12:29.981,2023-04-08T07:02:17.328Z
237,Split #237,00:00:02.071,00:12:32.052,2023-04-08T07:02:19.399Z
238,Split #238,00:00:02.002,00:12:34.054,2023-04-08T07:02:21.401Z
239,Split #239,00:00:01.935,00:12:35.989,2023-04-08T07:02:23.336Z
240,Split #240,00:00:02.385,00:12:38.374,2023-04-08T07:02:25.721Z
241,Split #241,00:00:02.543,00:12:40.917,2023-04-08T07:02:28.264Z
242,Split #242,00:00:01.982,00:12:42.899,2023-04-08T07:02:30.246Z
243,Split #243,00:00:02.461,00:12:45.360,2023-04-08T07:02:32.707Z
244,Split #244,00:00:02.205,00:12:47.565,2023-04-08T07:02:34.912Z
245,Split #245,00:00:02.475,00:12:50.040,2023-04-08T07:02:37.387Z
246,Split #246,00:00:02.633,00:12:52.673,2023-04-08T07:02:40.020Z
247,Split #247,00:00:03.062,00:12:55.735,2023-04-08T07:02:43.082Z
248,Split #248,00:00:02.338,00:12:58.073,2023-04-08T07:02:45.420Z
249,Split #249,00:00:03.647,00:13:01.720,2023-04-08T07:02:49.067Z
250,Split #250,00:00:03.915,00:13:05.635,2023-04-08T07:02:52.982Z
251,Split #251,00:00:04.205,00:13:09.840,2023-04-08T07:02:57.187Z
252,Split #252,00:00:04.219,00:13:14.059,2023-04-08T07:03:01.406Z
253,Split #253,00:00:04.635,00:13:18.694,2023-04-08T07:03:06.041Z
254,Split #254,00:00:05.851,00:13:24.545,2023-04-08T07:03:11.892Z
255,Split #255,00:00:05.534,00:13:30.079,2023-04-08T07:03:17.426Z
256,Split #256,00:00:09.046,00:13:39.125,2023-04-08T07:03:26.472Z
257,Split #257,00:00:08.549,00:13:47.674,2023-04-08T07:03:35.021Z