#,Label,Interval,Total,Time Recorded
000,Start #1,---,---,2023-04-14T15:36:27.616Z
001,Split #1,00:00:03.658,00:00:03.658,2023-04-14T15:36:31.274Z
002,Split #2,00:00:03.665,00:00:07.323,2023-04-14T15:36:34.939Z
003,Split #3,00:00:03.813,00:00:11.136,2023-04-14T15:36:38.752Z
004,Split #4,00:00:03.624,00:00:14.760,2023-04-14T15:36:42.376Z
005,Split #5,00:00:03.308,00:00:18.068,2023-04-14T15:36:45.684Z
006,Split #6,00:00:03.599,00:00:21.667,2023-04-14T15:36:49.283Z
007,Split #7,00:00:03.274,00:00:24.941,2023-04-14T15:36:52.557Z
008,Split #8,00:00:03.408,00:00:28.349,2023-04-14T15:36:55.965Z
009,Split #9,00:00:03.490,00:00:31.839,2023-04-14T15:36:59.455Z
010,Split #10,00:00:03.193,00:00:35.032,2023-04-14T15:37:02.648Z
011,Split #11,00:00:02.924,00:00:37.956,2023-04-14T15:37:05.572Z
012,Split #12,00:00:03.017,00:00:40.973,2023-04-14T15:37:08.589Z
013,Split #13,00:00:03.329,00:00:44.302,2023-04-14T15:37:11.918Z
014,Split #14,00:00:03.466,00:00:47.768,2023-04-14T15:37:15.384Z
015,Split #15,00:00:03.059,00:00:50.827,2023-04-14T15:37:18.443Z
016,Split #16,00:00:03.218,00:00:54.045,2023-04-14T15:37:21.661Z
017,Split #17,00:00:03.487,00:00:57.532,2023-04-14T15:37:25.148Z
018,Split #18,00:00:03.128,00:01:00.660,2023-04-14T15:37:28.276Z
019,Split #19,00:00:02.814,00:01:03.474,2023-04-14T15:37:31.090Z
020,Split #20,00:00:03.036,00:01:06.510,2023-04-14T15:37:34.126Z
021,Split #21,00:00:02.857,00:01:09.367,2023-04-14T15:37:36.983Z
022,Split #22,00:00:03.161,00:01:12.528,2023-04-14T15:37:40.144Z
023,Split #23,00:00:02.937,00:01:15.465,2023-04-14T15:37:43.081Z
024,Split #24,00:00:03.937,00:01:19.402,2023-04-14T15:37:47.018Z
025,Split #25,00:00:03.645,00:01:23.047,2023-04-14T15:37:50.663Z
026,Split #26,00:00:02.994,00:01:26.041,2023-04-14T15:37:53.657Z
027,Split #27,00:00:02.834,00:01:28.875,2023-04-14T15:37:56.491Z
028,Split #28,00:00:02.634,00:01:31.509,2023-04-14T15:37:59.125Z
029,Split #29,00:00:02.912,00:01:34.421,2023-04-14T15:38:02.037Z
030,Split #30,00:00:02.633,00:01:37.054,2023-04-14T15:38:04.670Z
031,Split #31,00:00:02.835,00:01:39.889,2023-04-14T15:38:07.505Z
032,Split #32,00:00:02.565,00:01:42.454,2023-04-14T15:38:10.070Z
033,Split #33,00:00:03.129,00:01:45.583,2023-04-14T15:38:13.199Z
034,Split #34,00:00:02.947,00:01:48.530,2023-04-14T15:38:16.146Z
035,Split #35,00:00:02.925,00:01:51.455,2023-04-14T15:38:19.071Z
036,Split #36,00:00:02.702,00:01:54.157,2023-04-14T15:38:21.773Z
037,Split #37,00:00:02.699,00:01:56.856,2023-04-14T15:38:24.472Z
038,Split #38,00:00:02.585,00:01:59.441,2023-04-14T15:38:27.057Z
039,Split #39,00:00:02.555,00:02:01.996,2023-04-14T15:38:29.612Z
040,Split #40,00:00:02.430,00:02:04.426,2023-04-14T15:38:32.042Z
041,Split #41,00:00:02.678,00:02:07.104,2023-04-14T15:38:34.720Z
042,Split #42,00:00:02.924,00:02:10.028,2023-04-14T15:38:37.644Z
043,Split #43,00:00:02.792,00:02:12.820,2023-04-14T15:38:40.436Z
044,Split #44,00:00:02.519,00:02:15.339,2023-04-14T15:38:42.955Z
045,Split #45,00:00:03.107,00:02:18.446,2023-04-14T15:38:46.062Z
046,Split #46,00:00:02.889,00:02:21.335,2023-04-14T15:38:48.951Z
047,Split #47,00:00:02.700,00:02:24.035,2023-04-14T15:38:51.651Z
048,Split #48,00:00:02.790,00:02:26.825,2023-04-14T15:38:54.441Z
049,Split #49,00:00:03.442,00:02:30.267,2023-04-14T15:38:57.883Z
050,Split #50,00:00:02.859,00:02:33.126,2023-04-14T15:39:00.742Z
051,Split #51,00:00:02.655,00:02:35.781,2023-04-14T15:39:03.397Z
052,Split #52,00:00:02.677,00:02:38.458,2023-04-14T15:39:06.074Z
053,Split #53,00:00:02.633,00:02:41.091,2023-04-14T15:39:08.707Z
054,Split #54,00:00:02.756,00:02:43.847,2023-04-14T15:39:11.463Z
055,Split #55,00:00:02.633,00:02:46.480,2023-04-14T15:39:14.096Z
056,Split #56,00:00:02.452,00:02:48.932,2023-04-14T15:39:16.548Z
057,Split #57,00:00:02.632,00:02:51.564,2023-04-14T15:39:19.180Z
058,Split #58,00:00:02.273,00:02:53.837,2023-04-14T15:39:21.453Z
059,Split #59,00:00:02.354,00:02:56.191,2023-04-14T15:39:23.807Z
060,Split #60,00:00:02.359,00:02:58.550,2023-04-14T15:39:26.166Z
061,Split #61,00:00:02.386,00:03:00.936,2023-04-14T15:39:28.552Z
062,Split #62,00:00:02.342,00:03:03.278,2023-04-14T15:39:30.894Z
063,Split #63,00:00:02.317,00:03:05.595,2023-04-14T15:39:33.211Z
064,Split #64,00:00:02.496,00:03:08.091,2023-04-14T15:39:35.707Z
065,Split #65,00:00:02.430,00:03:10.521,2023-04-14T15:39:38.137Z
066,Split #66,00:00:02.138,00:03:12.659,2023-04-14T15:39:40.275Z
067,Split #67,00:00:02.317,00:03:14.976,2023-04-14T15:39:42.592Z
068,Split #68,00:00:02.139,00:03:17.115,2023-04-14T15:39:44.731Z
069,Split #69,00:00:02.361,00:03:19.476,2023-04-14T15:39:47.092Z
070,Split #70,00:00:02.430,00:03:21.906,2023-04-14T15:39:49.522Z
071,Split #71,00:00:02.442,00:03:24.348,2023-04-14T15:39:51.964Z
072,Split #72,00:00:02.185,00:03:26.533,2023-04-14T15:39:54.149Z
073,Split #73,00:00:02.835,00:03:29.368,2023-04-14T15:39:56.984Z
074,Split #74,00:00:02.854,00:03:32.222,2023-04-14T15:39:59.838Z
075,Split #75,00:00:02.599,00:03:34.821,2023-04-14T15:40:02.437Z
076,Split #76,00:00:02.519,00:03:37.340,2023-04-14T15:40:04.956Z
077,Split #77,00:00:03.601,00:03:40.941,2023-04-14T15:40:08.557Z
078,Split #78,00:00:03.173,00:03:44.114,2023-04-14T15:40:11.730Z
079,Split #79,00:00:03.117,00:03:47.231,2023-04-14T15:40:14.847Z
080,Split #80,00:00:03.534,00:03:50.765,2023-04-14T15:40:18.381Z
081,Split #81,00:00:04.227,00:03:54.992,2023-04-14T15:40:22.608Z
082,Split #82,00:00:03.269,00:03:58.261,2023-04-14T15:40:25.877Z
083,Split #83,00:00:03.176,00:04:01.437,2023-04-14T15:40:29.053Z
084,Split #84,00:00:03.289,00:04:04.726,2023-04-14T15:40:32.342Z
085,Split #85,00:00:03.165,00:04:07.891,2023-04-14T15:40:35.507Z
086,Split #86,00:00:02.567,00:04:10.458,2023-04-14T15:40:38.074Z
087,Split #87,00:00:02.318,00:04:12.776,2023-04-14T15:40:40.392Z
088,Split #88,00:00:02.322,00:04:15.098,2023-04-14T15:40:42.714Z
089,Split #89,00:00:02.777,00:04:17.875,2023-04-14T15:40:45.491Z
090,Split #90,00:00:02.634,00:04:20.509,2023-04-14T15:40:48.125Z
091,Split #91,00:00:02.768,00:04:23.277,2023-04-14T15:40:50.893Z
092,Split #92,00:00:02.499,00:04:25.776,2023-04-14T15:40:53.392Z
093,Split #93,00:00:02.857,00:04:28.633,2023-04-14T15:40:56.249Z
094,Split #94,00:00:02.679,00:04:31.312,2023-04-14T15:40:58.928Z
095,Split #95,00:00:02.565,00:04:33.877,2023-04-14T15:41:01.493Z
096,Split #96,00:00:02.655,00:04:36.532,2023-04-14T15:41:04.148Z
097,Split #97,00:00:03.106,00:04:39.638,2023-04-14T15:41:07.254Z
098,Split #98,00:00:02.656,00:04:42.294,2023-04-14T15:41:09.910Z
099,Split #99,00:00:02.722,00:04:45.016,2023-04-14T15:41:12.632Z
100,Split #100,00:00:02.679,00:04:47.695,2023-04-14T15:41:15.311Z
101,Split #101,00:00:03.260,00:04:50.955,2023-04-14T15:41:18.571Z
102,Split #102,00:00:02.476,00:04:53.431,2023-04-14T15:41:21.047Z
103,Split #103,00:00:02.655,00:04:56.086,2023-04-14T15:41:23.702Z
104,Split #104,00:00:03.038,00:04:59.124,2023-04-14T15:41:26.740Z
105,Split #105,00:00:03.128,00:05:02.252,2023-04-14T15:41:29.868Z
106,Split #106,00:00:02.925,00:05:05.177,2023-04-14T15:41:32.793Z
107,Split #107,00:00:02.947,00:05:08.124,2023-04-14T15:41:35.740Z
108,Split #108,00:00:02.859,00:05:10.983,2023-04-14T15:41:38.599Z
109,Split #109,00:00:03.082,00:05:14.065,2023-04-14T15:41:41.681Z
110,Split #110,00:00:03.108,00:05:17.173,2023-04-14T15:41:44.789Z
111,Split #111,00:00:02.709,00:05:19.882,2023-04-14T15:41:47.498Z
112,Split #112,00:00:03.014,00:05:22.896,2023-04-14T15:41:50.512Z
113,Split #113,00:00:03.803,00:05:26.699,2023-04-14T15:41:54.315Z
114,Split #114,00:00:02.804,00:05:29.503,2023-04-14T15:41:57.119Z
115,Split #115,00:00:02.832,00:05:32.335,2023-04-14T15:41:59.951Z
116,Split #116,00:00:02.768,00:05:35.103,2023-04-14T15:42:02.719Z
117,Split #117,00:00:03.644,00:05:38.747,2023-04-14T15:42:06.363Z
118,Split #118,00:00:02.928,00:05:41.675,2023-04-14T15:42:09.291Z
119,Split #119,00:00:02.945,00:05:44.620,2023-04-14T15:42:12.236Z
120,Split #120,00:00:03.735,00:05:48.355,2023-04-14T15:42:15.971Z
121,Split #121,00:00:02.894,00:05:51.249,2023-04-14T15:42:18.865Z
122,Split #122,00:00:02.519,00:05:53.768,2023-04-14T15:42:21.384Z
123,Split #123,00:00:02.406,00:05:56.174,2023-04-14T15:42:23.790Z
124,Split #124,00:00:03.241,00:05:59.415,2023-04-14T15:42:27.031Z
125,Split #125,00:00:03.330,00:06:02.745,2023-04-14T15:42:30.361Z
126,Split #126,00:00:03.577,00:06:06.322,2023-04-14T15:42:33.938Z
127,Split #127,00:00:03.624,00:06:09.946,2023-04-14T15:42:37.562Z
128,Split #128,00:00:03.463,00:06:13.409,2023-04-14T15:42:41.025Z
129,Split #129,00:00:03.376,00:06:16.785,2023-04-14T15:42:44.401Z
130,Split #130,00:00:03.351,00:06:20.136,2023-04-14T15:42:47.752Z
131,Split #131,00:00:03.308,00:06:23.444,2023-04-14T15:42:51.060Z
132,Split #132,00:00:04.166,00:06:27.610,2023-04-14T15:42:55.226Z
133,Split #133,00:00:06.073,00:06:33.683,2023-04-14T15:43:01.299Z
134,Split #134,00:00:03.306,00:06:36.989,2023-04-14T15:43:04.605Z
135,Split #135,00:00:03.044,00:06:40.033,2023-04-14T15:43:07.649Z
136,Split #136,00:00:03.010,00:06:43.043,2023-04-14T15:43:10.659Z
137,Split #137,00:00:03.174,00:06:46.217,2023-04-14T15:43:13.833Z
138,Split #138,00:00:02.743,00:06:48.960,2023-04-14T15:43:16.576Z
139,Split #139,00:00:02.566,00:06:51.526,2023-04-14T15:43:19.142Z
140,Split #140,00:00:03.105,00:06:54.631,2023-04-14T15:43:22.247Z
141,Split #141,00:00:03.005,00:06:57.636,2023-04-14T15:43:25.252Z
142,Split #142,00:00:02.753,00:07:00.389,2023-04-14T15:43:28.005Z
143,Split #143,00:00:02.724,00:07:03.113,2023-04-14T15:43:30.729Z
144,Split #144,00:00:03.959,00:07:07.072,2023-04-14T15:43:34.688Z
145,Split #145,00:00:02.433,00:07:09.505,2023-04-14T15:43:37.121Z
146,Split #146,00:00:03.058,00:07:12.563,2023-04-14T15:43:40.179Z
147,Split #147,00:00:02.947,00:07:15.510,2023-04-14T15:43:43.126Z
148,Split #148,00:00:02.859,00:07:18.369,2023-04-14T15:43:45.985Z
149,Split #149,00:00:02.766,00:07:21.135,2023-04-14T15:43:48.751Z
150,Split #150,00:00:02.522,00:07:23.657,2023-04-14T15:43:51.273Z
151,Split #151,00:00:02.609,00:07:26.266,2023-04-14T15:43:53.882Z
152,Split #152,00:00:02.520,00:07:28.786,2023-04-14T15:43:56.402Z
153,Split #153,00:00:02.497,00:07:31.283,2023-04-14T15:43:58.899Z
154,Split #154,00:00:02.385,00:07:33.668,2023-04-14T15:44:01.284Z
155,Split #155,00:00:02.318,00:07:35.986,2023-04-14T15:44:03.602Z
156,Split #156,00:00:02.363,00:07:38.349,2023-04-14T15:44:05.965Z
157,Split #157,00:00:02.654,00:07:41.003,2023-04-14T15:44:08.619Z
158,Split #158,00:00:02.408,00:07:43.411,2023-04-14T15:44:11.027Z
159,Split #159,00:00:02.363,00:07:45.774,2023-04-14T15:44:13.390Z
160,Split #160,00:00:02.294,00:07:48.068,2023-04-14T15:44:15.684Z
161,Split #161,00:00:02.521,00:07:50.589,2023-04-14T15:44:18.205Z
162,Split #162,00:00:02.363,00:07:52.952,2023-04-14T15:44:20.568Z
163,Split #163,00:00:02.294,00:07:55.246,2023-04-14T15:44:22.862Z
164,Split #164,00:00:02.386,00:07:57.632,2023-04-14T15:44:25.248Z
165,Split #165,00:00:01.847,00:07:59.479,2023-04-14T15:44:27.095Z
166,Split #166,00:00:03.237,00:08:02.716,2023-04-14T15:44:30.332Z
167,Split #167,00:00:02.407,00:08:05.123,2023-04-14T15:44:32.739Z
168,Split #168,00:00:02.523,00:08:07.646,2023-04-14T15:44:35.262Z
169,Split #169,00:00:02.541,00:08:10.187,2023-04-14T15:44:37.803Z
170,Split #170,00:00:02.363,00:08:12.550,2023-04-14T15:44:40.166Z
171,Split #171,00:00:02.586,00:08:15.136,2023-04-14T15:44:42.752Z
172,Split #172,00:00:02.453,00:08:17.589,2023-04-14T15:44:45.205Z
173,Split #173,00:00:03.421,00:08:21.010,2023-04-14T15:44:48.626Z
174,Split #174,00:00:02.925,00:08:23.935,2023-04-14T15:44:51.551Z
175,Split #175,00:00:02.722,00:08:26.657,2023-04-14T15:44:54.273Z
176,Split #176,00:00:03.184,00:08:29.841,2023-04-14T15:44:57.457Z
177,Split #177,00:00:03.081,00:08:32.922,2023-04-14T15:45:00.538Z
178,Split #178,00:00:02.680,00:08:35.602,2023-04-14T15:45:03.218Z
179,Split #179,00:00:03.351,00:08:38.953,2023-04-14T15:45:06.569Z
180,Split #180,00:00:02.815,00:08:41.768,2023-04-14T15:45:09.384Z
181,Split #181,00:00:03.644,00:08:45.412,2023-04-14T15:45:13.028Z
182,Split #182,00:00:02.724,00:08:48.136,2023-04-14T15:45:15.752Z
183,Split #183,00:00:02.563,00:08:50.699,2023-04-14T15:45:18.315Z
184,Split #184,00:00:02.723,00:08:53.422,2023-04-14T15:45:21.038Z
185,Split #185,00:00:02.904,00:08:56.326,2023-04-14T15:45:23.942Z
186,Split #186,00:00:02.967,00:08:59.293,2023-04-14T15:45:26.909Z
187,Split #187,00:00:02.859,00:09:02.152,2023-04-14T15:45:29.768Z
188,Split #188,00:00:02.857,00:09:05.009,2023-04-14T15:45:32.625Z
189,Split #189,00:00:03.217,00:09:08.226,2023-04-14T15:45:35.842Z
190,Split #190,00:00:03.217,00:09:11.443,2023-04-14T15:45:39.059Z
191,Split #191,00:00:02.724,00:09:14.167,2023-04-14T15:45:41.783Z
192,Split #192,00:00:03.150,00:09:17.317,2023-04-14T15:45:44.933Z
193,Split #193,00:00:03.565,00:09:20.882,2023-04-14T15:45:48.498Z
194,Split #194,00:00:02.410,00:09:23.292,2023-04-14T15:45:50.908Z
195,Split #195,00:00:02.497,00:09:25.789,2023-04-14T15:45:53.405Z
196,Split #196,00:00:02.563,00:09:28.352,2023-04-14T15:45:55.968Z
197,Split #197,00:00:02.792,00:09:31.144,2023-04-14T15:45:58.760Z
198,Split #198,00:00:02.575,00:09:33.719,2023-04-14T15:46:01.335Z
199,Split #199,00:00:02.658,00:09:36.377,2023-04-14T15:46:03.993Z
200,Split #200,00:00:02.405,00:09:38.782,2023-04-14T15:46:06.398Z
201,Split #201,00:00:02.116,00:09:40.898,2023-04-14T15:46:08.514Z
202,Split #202,00:00:04.544,00:09:45.442,2023-04-14T15:46:13.058Z
203,Split #203,00:00:03.790,00:09:49.232,2023-04-14T15:46:16.848Z
204,Split #204,00:00:03.850,00:09:53.082,2023-04-14T15:46:20.698Z
205,Split #205,00:00:03.374,00:09:56.456,2023-04-14T15:46:24.072Z
206,Split #206,00:00:03.555,00:10:00.011,2023-04-14T15:46:27.627Z
207,Split #207,00:00:04.097,00:10:04.108,2023-04-14T15:46:31.724Z
208,Split #208,00:00:03.689,00:10:07.797,2023-04-14T15:46:35.413Z
209,Split #209,00:00:03.847,00:10:11.644,2023-04-14T15:46:39.260Z
210,Split #210,00:00:03.691,00:10:15.335,2023-04-14T15:46:42.951Z
211,Split #211,00:00:02.993,00:10:18.328,2023-04-14T15:46:45.944Z
212,Split #212,00:00:02.742,00:10:21.070,2023-04-14T15:46:48.686Z
213,Split #213,00:00:02.836,00:10:23.906,2023-04-14T15:46:51.522Z
214,Split #214,00:00:02.947,00:10:26.853,2023-04-14T15:46:54.469Z
215,Split #215,00:00:02.724,00:10:29.577,2023-04-14T15:46:57.193Z
216,Split #216,00:00:02.565,00:10:32.142,2023-04-14T15:46:59.758Z
217,Split #217,00:00:02.655,00:10:34.797,2023-04-14T15:47:02.413Z
218,Split #218,00:00:03.073,00:10:37.870,2023-04-14T15:47:05.486Z
219,Split #219,00:00:02.633,00:10:40.503,2023-04-14T15:47:08.119Z
220,Split #220,00:00:02.607,00:10:43.110,2023-04-14T15:47:10.726Z
221,Split #221,00:00:02.545,00:10:45.655,2023-04-14T15:47:13.271Z
222,Split #222,00:00:03.217,00:10:48.872,2023-04-14T15:47:16.488Z
223,Split #223,00:00:02.879,00:10:51.751,2023-04-14T15:47:19.367Z
224,Split #224,00:00:02.768,00:10:54.519,2023-04-14T15:47:22.135Z
225,Split #225,00:00:02.700,00:10:57.219,2023-04-14T15:47:24.835Z
226,Split #226,00:00:03.814,00:11:01.033,2023-04-14T15:47:28.649Z
227,Split #227,00:00:03.174,00:11:04.207,2023-04-14T15:47:31.823Z
228,Split #228,00:00:03.440,00:11:07.647,2023-04-14T15:47:35.263Z
229,Split #229,00:00:02.814,00:11:10.461,2023-04-14T15:47:38.077Z
230,Split #230,00:00:02.969,00:11:13.430,2023-04-14T15:47:41.046Z
231,Split #231,00:00:02.700,00:11:16.130,2023-04-14T15:47:43.746Z
232,Split #232,00:00:02.317,00:11:18.447,2023-04-14T15:47:46.063Z
233,Split #233,00:00:02.409,00:11:20.856,2023-04-14T15:47:48.472Z
234,Split #234,00:00:03.217,00:11:24.073,2023-04-14T15:47:51.689Z
235,Split #235,00:00:02.610,00:11:26.683,2023-04-14T15:47:54.299Z
236,Split #236,00:00:02.701,00:11:29.384,2023-04-14T15:47:57.000Z
237,Split #237,00:00:02.474,00:11:31.858,2023-04-14T15:47:59.474Z
238,Split #238,00:00:02.879,00:11:34.737,2023-04-14T15:48:02.353Z
239,Split #239,00:00:02.591,00:11:37.328,2023-04-14T15:48:04.944Z
240,Split #240,00:00:02.878,00:11:40.206,2023-04-14T15:48:07.822Z
241,Split #241,00:00:02.520,00:11:42.726,2023-04-14T15:48:10.342Z
242,Split #242,00:00:03.273,00:11:45.999,2023-04-14T15:48:13.615Z
243,Split #243,00:00:03.556,00:11:49.555,2023-04-14T15:48:17.171Z
244,Split #244,00:00:03.375,00:11:52.930,2023-04-14T15:48:20.546Z
245,Split #245,00:00:03.532,00:11:56.462,2023-04-14T15:48:24.078Z
246,Split #246,00:00:03.981,00:12:00.443,2023-04-14T15:48:28.059Z
247,Split #247,00:00:04.368,00:12:04.811,2023-04-14T15:48:32.427Z
248,Split #248,00:00:00.201,00:12:05.012,2023-04-14T15:48:32.628Z
249,Split #249,00:00:04.820,00:12:09.832,2023-04-14T15:48:37.448Z
250,Split #250,00:00:06.053,00:12:15.885,2023-04-14T15:48:43.501Z
251,Split #251,00:00:05.463,00:12:21.348,2023-04-14T15:48:48.964Z