#,Label,Interval,Total,Time Recorded
000,Start #1,---,---,2023-03-20T10:03:46.945Z
001,Split #1,00:00:05.216,00:00:05.216,2023-03-20T10:03:52.161Z
002,Split #2,00:00:02.151,00:00:07.367,2023-03-20T10:03:54.312Z
003,Split #3,00:00:03.319,00:00:10.686,2023-03-20T10:03:57.631Z
004,Split #4,00:00:03.566,00:00:14.252,2023-03-20T10:04:01.197Z
005,Split #5,00:00:03.735,00:00:17.987,2023-03-20T10:04:04.932Z
006,Split #6,00:00:03.309,00:00:21.296,2023-03-20T10:04:08.241Z
007,Split #7,00:00:03.397,00:00:24.693,2023-03-20T10:04:11.638Z
008,Split #8,00:00:03.465,00:00:28.158,2023-03-20T10:04:15.103Z
009,Split #9,00:00:03.769,00:00:31.927,2023-03-20T10:04:18.872Z
010,Split #10,00:00:03.667,00:00:35.594,2023-03-20T10:04:22.539Z
011,Split #11,00:00:03.454,00:00:39.048,2023-03-20T10:04:25.993Z
012,Split #12,00:00:03.128,00:00:42.176,2023-03-20T10:04:29.121Z
013,Split #13,00:00:02.881,00:00:45.057,2023-03-20T10:04:32.002Z
014,Split #14,00:00:03.487,00:00:48.544,2023-03-20T10:04:35.489Z
015,Split #15,00:00:03.351,00:00:51.895,2023-03-20T10:04:38.840Z
016,Split #16,00:00:03.039,00:00:54.934,2023-03-20T10:04:41.879Z
017,Split #17,00:00:03.768,00:00:58.702,2023-03-20T10:04:45.647Z
018,Split #18,00:00:03.464,00:01:02.166,2023-03-20T10:04:49.111Z
019,Split #19,00:00:03.038,00:01:05.204,2023-03-20T10:04:52.149Z
020,Split #20,00:00:02.937,00:01:08.141,2023-03-20T10:04:55.086Z
021,Split #21,00:00:02.744,00:01:10.885,2023-03-20T10:04:57.830Z
022,Split #22,00:00:03.016,00:01:13.901,2023-03-20T10:05:00.846Z
023,Split #23,00:00:03.173,00:01:17.074,2023-03-20T10:05:04.019Z
024,Split #24,00:00:02.993,00:01:20.067,2023-03-20T10:05:07.012Z
025,Split #25,00:00:03.509,00:01:23.576,2023-03-20T10:05:10.521Z
026,Split #26,00:00:03.240,00:01:26.816,2023-03-20T10:05:13.761Z
027,Split #27,00:00:02.958,00:01:29.774,2023-03-20T10:05:16.719Z
028,Split #28,00:00:02.881,00:01:32.655,2023-03-20T10:05:19.600Z
029,Split #29,00:00:02.667,00:01:35.322,2023-03-20T10:05:22.267Z
030,Split #30,00:00:02.924,00:01:38.246,2023-03-20T10:05:25.191Z
031,Split #31,00:00:02.588,00:01:40.834,2023-03-20T10:05:27.779Z
032,Split #32,00:00:02.790,00:01:43.624,2023-03-20T10:05:30.569Z
033,Split #33,00:00:02.880,00:01:46.504,2023-03-20T10:05:33.449Z
034,Split #34,00:00:03.532,00:01:50.036,2023-03-20T10:05:36.981Z
035,Split #35,00:00:03.015,00:01:53.051,2023-03-20T10:05:39.996Z
036,Split #36,00:00:02.903,00:01:55.954,2023-03-20T10:05:42.899Z
037,Split #37,00:00:02.946,00:01:58.900,2023-03-20T10:05:45.845Z
038,Split #38,00:00:02.768,00:02:01.668,2023-03-20T10:05:48.613Z
039,Split #39,00:00:02.588,00:02:04.256,2023-03-20T10:05:51.201Z
040,Split #40,00:00:02.678,00:02:06.934,2023-03-20T10:05:53.879Z
041,Split #41,00:00:02.701,00:02:09.635,2023-03-20T10:05:56.580Z
042,Split #42,00:00:02.744,00:02:12.379,2023-03-20T10:05:59.324Z
043,Split #43,00:00:02.948,00:02:15.327,2023-03-20T10:06:02.272Z
044,Split #44,00:00:02.835,00:02:18.162,2023-03-20T10:06:05.107Z
045,Split #45,00:00:02.767,00:02:20.929,2023-03-20T10:06:07.874Z
046,Split #46,00:00:02.879,00:02:23.808,2023-03-20T10:06:10.753Z
047,Split #47,00:00:02.904,00:02:26.712,2023-03-20T10:06:13.657Z
048,Split #48,00:00:02.723,00:02:29.435,2023-03-20T10:06:16.380Z
049,Split #49,00:00:02.845,00:02:32.280,2023-03-20T10:06:19.225Z
050,Split #50,00:00:03.240,00:02:35.520,2023-03-20T10:06:22.465Z
051,Split #51,00:00:02.768,00:02:38.288,2023-03-20T10:06:25.233Z
052,Split #52,00:00:02.745,00:02:41.033,2023-03-20T10:06:27.978Z
053,Split #53,00:00:02.644,00:02:43.677,2023-03-20T10:06:30.622Z
054,Split #54,00:00:02.744,00:02:46.421,2023-03-20T10:06:33.366Z
055,Split #55,00:00:02.915,00:02:49.336,2023-03-20T10:06:36.281Z
056,Split #56,00:00:02.722,00:02:52.058,2023-03-20T10:06:39.003Z
057,Split #57,00:00:02.589,00:02:54.647,2023-03-20T10:06:41.592Z
058,Split #58,00:00:02.507,00:02:57.154,2023-03-20T10:06:44.099Z
059,Split #59,00:00:02.475,00:02:59.629,2023-03-20T10:06:46.574Z
060,Split #60,00:00:02.305,00:03:01.934,2023-03-20T10:06:48.879Z
061,Split #61,00:00:02.341,00:03:04.275,2023-03-20T10:06:51.220Z
062,Split #62,00:00:02.419,00:03:06.694,2023-03-20T10:06:53.639Z
063,Split #63,00:00:02.274,00:03:08.968,2023-03-20T10:06:55.913Z
064,Split #64,00:00:02.294,00:03:11.262,2023-03-20T10:06:58.207Z
065,Split #65,00:00:02.408,00:03:13.670,2023-03-20T10:07:00.615Z
066,Split #66,00:00:02.317,00:03:15.987,2023-03-20T10:07:02.932Z
067,Split #67,00:00:02.251,00:03:18.238,2023-03-20T10:07:05.183Z
068,Split #68,00:00:02.293,00:03:20.531,2023-03-20T10:07:07.476Z
069,Split #69,00:00:02.318,00:03:22.849,2023-03-20T10:07:09.794Z
070,Split #70,00:00:02.317,00:03:25.166,2023-03-20T10:07:12.111Z
071,Split #71,00:00:02.341,00:03:27.507,2023-03-20T10:07:14.452Z
072,Split #72,00:00:02.272,00:03:29.779,2023-03-20T10:07:16.724Z
073,Split #73,00:00:02.274,00:03:32.053,2023-03-20T10:07:18.998Z
074,Split #74,00:00:02.361,00:03:34.414,2023-03-20T10:07:21.359Z
075,Split #75,00:00:02.611,00:03:37.025,2023-03-20T10:07:23.970Z
076,Split #76,00:00:02.429,00:03:39.454,2023-03-20T10:07:26.399Z
077,Split #77,00:00:02.700,00:03:42.154,2023-03-20T10:07:29.099Z
078,Split #78,00:00:03.454,00:03:45.608,2023-03-20T10:07:32.553Z
079,Split #79,00:00:02.958,00:03:48.566,2023-03-20T10:07:35.511Z
080,Split #80,00:00:02.971,00:03:51.537,2023-03-20T10:07:38.482Z
081,Split #81,00:00:04.072,00:03:55.609,2023-03-20T10:07:42.554Z
082,Split #82,00:00:04.477,00:04:00.086,2023-03-20T10:07:47.031Z
083,Split #83,00:00:03.983,00:04:04.069,2023-03-20T10:07:51.014Z
084,Split #84,00:00:04.050,00:04:08.119,2023-03-20T10:07:55.064Z
085,Split #85,00:00:03.308,00:04:11.427,2023-03-20T10:07:58.372Z
086,Split #86,00:00:03.103,00:04:14.530,2023-03-20T10:08:01.475Z
087,Split #87,00:00:02.342,00:04:16.872,2023-03-20T10:08:03.817Z
088,Split #88,00:00:02.486,00:04:19.358,2023-03-20T10:08:06.303Z
089,Split #89,00:00:02.487,00:04:21.845,2023-03-20T10:08:08.790Z
090,Split #90,00:00:02.564,00:04:24.409,2023-03-20T10:08:11.354Z
091,Split #91,00:00:02.745,00:04:27.154,2023-03-20T10:08:14.099Z
092,Split #92,00:00:02.925,00:04:30.079,2023-03-20T10:08:17.024Z
093,Split #93,00:00:02.679,00:04:32.758,2023-03-20T10:08:19.703Z
094,Split #94,00:00:02.744,00:04:35.502,2023-03-20T10:08:22.447Z
095,Split #95,00:00:02.633,00:04:38.135,2023-03-20T10:08:25.080Z
096,Split #96,00:00:02.655,00:04:40.790,2023-03-20T10:08:27.735Z
097,Split #97,00:00:02.734,00:04:43.524,2023-03-20T10:08:30.469Z
098,Split #98,00:00:03.251,00:04:46.775,2023-03-20T10:08:33.720Z
099,Split #99,00:00:02.609,00:04:49.384,2023-03-20T10:08:36.329Z
100,Split #100,00:00:02.882,00:04:52.266,2023-03-20T10:08:39.211Z
101,Split #101,00:00:02.687,00:04:54.953,2023-03-20T10:08:41.898Z
102,Split #102,00:00:03.072,00:04:58.025,2023-03-20T10:08:44.970Z
103,Split #103,00:00:02.700,00:05:00.725,2023-03-20T10:08:47.670Z
104,Split #104,00:00:02.655,00:05:03.380,2023-03-20T10:08:50.325Z
105,Split #105,00:00:03.083,00:05:06.463,2023-03-20T10:08:53.408Z
106,Split #106,00:00:03.464,00:05:09.927,2023-03-20T10:08:56.872Z
107,Split #107,00:00:02.880,00:05:12.807,2023-03-20T10:08:59.752Z
108,Split #108,00:00:02.767,00:05:15.574,2023-03-20T10:09:02.519Z
109,Split #109,00:00:02.791,00:05:18.365,2023-03-20T10:09:05.310Z
110,Split #110,00:00:02.948,00:05:21.313,2023-03-20T10:09:08.258Z
111,Split #111,00:00:03.217,00:05:24.530,2023-03-20T10:09:11.475Z
112,Split #112,00:00:02.768,00:05:27.298,2023-03-20T10:09:14.243Z
113,Split #113,00:00:02.790,00:05:30.088,2023-03-20T10:09:17.033Z
114,Split #114,00:00:04.095,00:05:34.183,2023-03-20T10:09:21.128Z
115,Split #115,00:00:03.014,00:05:37.197,2023-03-20T10:09:24.142Z
116,Split #116,00:00:02.680,00:05:39.877,2023-03-20T10:09:26.822Z
117,Split #117,00:00:02.608,00:05:42.485,2023-03-20T10:09:29.430Z
118,Split #118,00:00:03.464,00:05:45.949,2023-03-20T10:09:32.894Z
119,Split #119,00:00:03.265,00:05:49.214,2023-03-20T10:09:36.159Z
120,Split #120,00:00:02.902,00:05:52.116,2023-03-20T10:09:39.061Z
121,Split #121,00:00:03.485,00:05:55.601,2023-03-20T10:09:42.546Z
122,Split #122,00:00:02.657,00:05:58.258,2023-03-20T10:09:45.203Z
123,Split #123,00:00:02.395,00:06:00.653,2023-03-20T10:09:47.598Z
124,Split #124,00:00:02.274,00:06:02.927,2023-03-20T10:09:49.872Z
125,Split #125,00:00:01.878,00:06:04.805,2023-03-20T10:09:51.750Z
126,Split #126,00:00:01.215,00:06:06.020,2023-03-20T10:09:52.965Z
127,Split #127,00:00:02.723,00:06:08.743,2023-03-20T10:09:55.688Z
128,Split #128,00:00:03.667,00:06:12.410,2023-03-20T10:09:59.355Z
129,Split #129,00:00:03.465,00:06:15.875,2023-03-20T10:10:02.820Z
130,Split #130,00:00:03.735,00:06:19.610,2023-03-20T10:10:06.555Z
131,Split #131,00:00:03.613,00:06:23.223,2023-03-20T10:10:10.168Z
132,Split #132,00:00:03.329,00:06:26.552,2023-03-20T10:10:13.497Z
133,Split #133,00:00:03.443,00:06:29.995,2023-03-20T10:10:16.940Z
134,Split #134,00:00:04.197,00:06:34.192,2023-03-20T10:10:21.137Z
135,Split #135,00:00:06.468,00:06:40.660,2023-03-20T10:10:27.605Z
136,Split #136,00:00:03.205,00:06:43.865,2023-03-20T10:10:30.810Z
137,Split #137,00:00:02.858,00:06:46.723,2023-03-20T10:10:33.668Z
138,Split #138,00:00:02.994,00:06:49.717,2023-03-20T10:10:36.662Z
139,Split #139,00:00:03.261,00:06:52.978,2023-03-20T10:10:39.923Z
140,Split #140,00:00:02.700,00:06:55.678,2023-03-20T10:10:42.623Z
141,Split #141,00:00:02.700,00:06:58.378,2023-03-20T10:10:45.323Z
142,Split #142,00:00:03.127,00:07:01.505,2023-03-20T10:10:48.450Z
143,Split #143,00:00:03.017,00:07:04.522,2023-03-20T10:10:51.467Z
144,Split #144,00:00:02.788,00:07:07.310,2023-03-20T10:10:54.255Z
145,Split #145,00:00:02.836,00:07:10.146,2023-03-20T10:10:57.091Z
146,Split #146,00:00:02.835,00:07:12.981,2023-03-20T10:10:59.926Z
147,Split #147,00:00:03.105,00:07:16.086,2023-03-20T10:11:03.031Z
148,Split #148,00:00:02.947,00:07:19.033,2023-03-20T10:11:05.978Z
149,Split #149,00:00:02.633,00:07:21.666,2023-03-20T10:11:08.611Z
150,Split #150,00:00:02.879,00:07:24.545,2023-03-20T10:11:11.490Z
151,Split #151,00:00:03.533,00:07:28.078,2023-03-20T10:11:15.023Z
152,Split #152,00:00:02.926,00:07:31.004,2023-03-20T10:11:17.949Z
153,Split #153,00:00:02.757,00:07:33.761,2023-03-20T10:11:20.706Z
154,Split #154,00:00:02.744,00:07:36.505,2023-03-20T10:11:23.450Z
155,Split #155,00:00:02.676,00:07:39.181,2023-03-20T10:11:26.126Z
156,Split #156,00:00:02.453,00:07:41.634,2023-03-20T10:11:28.579Z
157,Split #157,00:00:02.477,00:07:44.111,2023-03-20T10:11:31.056Z
158,Split #158,00:00:02.473,00:07:46.584,2023-03-20T10:11:33.529Z
159,Split #159,00:00:02.385,00:07:48.969,2023-03-20T10:11:35.914Z
160,Split #160,00:00:02.351,00:07:51.320,2023-03-20T10:11:38.265Z
161,Split #161,00:00:02.273,00:07:53.593,2023-03-20T10:11:40.538Z
162,Split #162,00:00:02.443,00:07:56.036,2023-03-20T10:11:42.981Z
163,Split #163,00:00:02.499,00:07:58.535,2023-03-20T10:11:45.480Z
164,Split #164,00:00:02.452,00:08:00.987,2023-03-20T10:11:47.932Z
165,Split #165,00:00:02.405,00:08:03.392,2023-03-20T10:11:50.337Z
166,Split #166,00:00:02.478,00:08:05.870,2023-03-20T10:11:52.815Z
167,Split #167,00:00:02.404,00:08:08.274,2023-03-20T10:11:55.219Z
168,Split #168,00:00:02.432,00:08:10.706,2023-03-20T10:11:57.651Z
169,Split #169,00:00:02.508,00:08:13.214,2023-03-20T10:12:00.159Z
170,Split #170,00:00:02.316,00:08:15.530,2023-03-20T10:12:02.475Z
171,Split #171,00:00:02.521,00:08:18.051,2023-03-20T10:12:04.996Z
172,Split #172,00:00:02.362,00:08:20.413,2023-03-20T10:12:07.358Z
173,Split #173,00:00:02.364,00:08:22.777,2023-03-20T10:12:09.722Z
174,Split #174,00:00:02.362,00:08:25.139,2023-03-20T10:12:12.084Z
175,Split #175,00:00:02.676,00:08:27.815,2023-03-20T10:12:14.760Z
176,Split #176,00:00:02.364,00:08:30.179,2023-03-20T10:12:17.124Z
177,Split #177,00:00:02.351,00:08:32.530,2023-03-20T10:12:19.475Z
178,Split #178,00:00:02.882,00:08:35.412,2023-03-20T10:12:22.357Z
179,Split #179,00:00:03.092,00:08:38.504,2023-03-20T10:12:25.449Z
180,Split #180,00:00:02.879,00:08:41.383,2023-03-20T10:12:28.328Z
181,Split #181,00:00:02.724,00:08:44.107,2023-03-20T10:12:31.052Z
182,Split #182,00:00:02.992,00:08:47.099,2023-03-20T10:12:34.044Z
183,Split #183,00:00:03.263,00:08:50.362,2023-03-20T10:12:37.307Z
184,Split #184,00:00:02.857,00:08:53.219,2023-03-20T10:12:40.164Z
185,Split #185,00:00:03.285,00:08:56.504,2023-03-20T10:12:43.449Z
186,Split #186,00:00:02.722,00:08:59.226,2023-03-20T10:12:46.171Z
187,Split #187,00:00:03.780,00:09:03.006,2023-03-20T10:12:49.951Z
188,Split #188,00:00:02.949,00:09:05.955,2023-03-20T10:12:52.900Z
189,Split #189,00:00:03.262,00:09:09.217,2023-03-20T10:12:56.162Z
190,Split #190,00:00:02.565,00:09:11.782,2023-03-20T10:12:58.727Z
191,Split #191,00:00:03.396,00:09:15.178,2023-03-20T10:13:02.123Z
192,Split #192,00:00:03.376,00:09:18.554,2023-03-20T10:13:05.499Z
193,Split #193,00:00:03.083,00:09:21.637,2023-03-20T10:13:08.582Z
194,Split #194,00:00:02.970,00:09:24.607,2023-03-20T10:13:11.552Z
195,Split #195,00:00:02.924,00:09:27.531,2023-03-20T10:13:14.476Z
196,Split #196,00:00:02.926,00:09:30.457,2023-03-20T10:13:17.402Z
197,Split #197,00:00:02.767,00:09:33.224,2023-03-20T10:13:20.169Z
198,Split #198,00:00:02.746,00:09:35.970,2023-03-20T10:13:22.915Z
199,Split #199,00:00:03.578,00:09:39.548,2023-03-20T10:13:26.493Z
200,Split #200,00:00:02.948,00:09:42.496,2023-03-20T10:13:29.441Z
201,Split #201,00:00:03.058,00:09:45.554,2023-03-20T10:13:32.499Z
202,Split #202,00:00:03.197,00:09:48.751,2023-03-20T10:13:35.696Z
203,Split #203,00:00:03.801,00:09:52.552,2023-03-20T10:13:39.497Z
204,Split #204,00:00:02.318,00:09:54.870,2023-03-20T10:13:41.815Z
205,Split #205,00:00:03.126,00:09:57.996,2023-03-20T10:13:44.941Z
206,Split #206,00:00:02.465,00:10:00.461,2023-03-20T10:13:47.406Z
207,Split #207,00:00:02.654,00:10:03.115,2023-03-20T10:13:50.060Z
208,Split #208,00:00:02.745,00:10:05.860,2023-03-20T10:13:52.805Z
209,Split #209,00:00:02.587,00:10:08.447,2023-03-20T10:13:55.392Z
210,Split #210,00:00:03.108,00:10:11.555,2023-03-20T10:13:58.500Z
211,Split #211,00:00:05.026,00:10:16.581,2023-03-20T10:14:03.526Z
212,Split #212,00:00:04.030,00:10:20.611,2023-03-20T10:14:07.556Z
213,Split #213,00:00:03.822,00:10:24.433,2023-03-20T10:14:11.378Z
214,Split #214,00:00:03.446,00:10:27.879,2023-03-20T10:14:14.824Z
215,Split #215,00:00:03.600,00:10:31.479,2023-03-20T10:14:18.424Z
216,Split #216,00:00:03.845,00:10:35.324,2023-03-20T10:14:22.269Z
217,Split #217,00:00:03.635,00:10:38.959,2023-03-20T10:14:25.904Z
218,Split #218,00:00:03.938,00:10:42.897,2023-03-20T10:14:29.842Z
219,Split #219,00:00:03.532,00:10:46.429,2023-03-20T10:14:33.374Z
220,Split #220,00:00:02.992,00:10:49.421,2023-03-20T10:14:36.366Z
221,Split #221,00:00:03.016,00:10:52.437,2023-03-20T10:14:39.382Z
222,Split #222,00:00:02.902,00:10:55.339,2023-03-20T10:14:42.284Z
223,Split #223,00:00:02.949,00:10:58.288,2023-03-20T10:14:45.233Z
224,Split #224,00:00:02.720,00:11:01.008,2023-03-20T10:14:47.953Z
225,Split #225,00:00:02.713,00:11:03.721,2023-03-20T10:14:50.666Z
226,Split #226,00:00:02.744,00:11:06.465,2023-03-20T10:14:53.410Z
227,Split #227,00:00:03.004,00:11:09.469,2023-03-20T10:14:56.414Z
228,Split #228,00:00:02.914,00:11:12.383,2023-03-20T10:14:59.328Z
229,Split #229,00:00:02.868,00:11:15.251,2023-03-20T10:15:02.196Z
230,Split #230,00:00:03.014,00:11:18.265,2023-03-20T10:15:05.210Z
231,Split #231,00:00:03.648,00:11:21.913,2023-03-20T10:15:08.858Z
232,Split #232,00:00:03.217,00:11:25.130,2023-03-20T10:15:12.075Z
233,Split #233,00:00:03.083,00:11:28.213,2023-03-20T10:15:15.158Z
234,Split #234,00:00:02.923,00:11:31.136,2023-03-20T10:15:18.081Z
235,Split #235,00:00:04.118,00:11:35.254,2023-03-20T10:15:22.199Z
236,Split #236,00:00:03.307,00:11:38.561,2023-03-20T10:15:25.506Z
237,Split #237,00:00:03.149,00:11:41.710,2023-03-20T10:15:28.655Z
238,Split #238,00:00:02.745,00:11:44.455,2023-03-20T10:15:31.400Z
239,Split #239,00:00:02.836,00:11:47.291,2023-03-20T10:15:34.236Z
240,Split #240,00:00:02.655,00:11:49.946,2023-03-20T10:15:36.891Z
241,Split #241,00:00:02.497,00:11:52.443,2023-03-20T10:15:39.388Z
242,Split #242,00:00:02.588,00:11:55.031,2023-03-20T10:15:41.976Z
243,Split #243,00:00:03.026,00:11:58.057,2023-03-20T10:15:45.002Z
244,Split #244,00:00:03.071,00:12:01.128,2023-03-20T10:15:48.073Z
245,Split #245,00:00:02.936,00:12:04.064,2023-03-20T10:15:51.009Z
246,Split #246,00:00:02.802,00:12:06.866,2023-03-20T10:15:53.811Z
247,Split #247,00:00:02.802,00:12:09.668,2023-03-20T10:15:56.613Z
248,Split #248,00:00:02.624,00:12:12.292,2023-03-20T10:15:59.237Z
249,Split #249,00:00:02.484,00:12:14.776,2023-03-20T10:16:01.721Z
250,Split #250,00:00:02.553,00:12:17.329,2023-03-20T10:16:04.274Z
251,Split #251,00:00:02.654,00:12:19.983,2023-03-20T10:16:06.928Z
252,Split #252,00:00:03.387,00:12:23.370,2023-03-20T10:16:10.315Z
253,Split #253,00:00:03.363,00:12:26.733,2023-03-20T10:16:13.678Z
254,Split #254,00:00:03.735,00:12:30.468,2023-03-20T10:16:17.413Z
255,Split #255,00:00:03.715,00:12:34.183,2023-03-20T10:16:21.128Z
256,Split #256,00:00:03.846,00:12:38.029,2023-03-20T10:16:24.974Z
257,Split #257,00:00:04.298,00:12:42.327,2023-03-20T10:16:29.272Z
258,Split #258,00:00:05.646,00:12:47.973,2023-03-20T10:16:34.918Z
259,Split #259,00:00:12.527,00:13:00.500,2023-03-20T10:16:47.445Z
260,Pause #1,---,---,2023-03-20T10:16:47.445Z