#,Label,Interval,Total,Time Recorded
000,Start #1,---,---,2023-03-20T09:30:50.302Z
001,Split #1,00:00:01.734,00:00:01.734,2023-03-20T09:30:52.036Z
002,Split #2,00:00:02.890,00:00:04.624,2023-03-20T09:30:54.926Z
003,Split #3,00:00:03.141,00:00:07.765,2023-03-20T09:30:58.067Z
004,Split #4,00:00:03.271,00:00:11.036,2023-03-20T09:31:01.338Z
005,Split #5,00:00:03.487,00:00:14.523,2023-03-20T09:31:04.825Z
006,Split #6,00:00:03.276,00:00:17.799,2023-03-20T09:31:08.101Z
007,Split #7,00:00:02.946,00:00:20.745,2023-03-20T09:31:11.047Z
008,Split #8,00:00:03.015,00:00:23.760,2023-03-20T09:31:14.062Z
009,Split #9,00:00:04.230,00:00:27.990,2023-03-20T09:31:18.292Z
010,Split #10,00:00:03.825,00:00:31.815,2023-03-20T09:31:22.117Z
011,Split #11,00:00:03.421,00:00:35.236,2023-03-20T09:31:25.538Z
012,Split #12,00:00:03.363,00:00:38.599,2023-03-20T09:31:28.901Z
013,Split #13,00:00:03.581,00:00:42.180,2023-03-20T09:31:32.482Z
014,Split #14,00:00:03.991,00:00:46.171,2023-03-20T09:31:36.473Z
015,Split #15,00:00:03.498,00:00:49.669,2023-03-20T09:31:39.971Z
016,Split #16,00:00:03.488,00:00:53.157,2023-03-20T09:31:43.459Z
017,Split #17,00:00:04.950,00:00:58.107,2023-03-20T09:31:48.409Z
018,Split #18,00:00:04.659,00:01:02.766,2023-03-20T09:31:53.068Z
019,Split #19,00:00:03.352,00:01:06.118,2023-03-20T09:31:56.420Z
020,Split #20,00:00:03.486,00:01:09.604,2023-03-20T09:31:59.906Z
021,Split #21,00:00:03.352,00:01:12.956,2023-03-20T09:32:03.258Z
022,Split #22,00:00:03.208,00:01:16.164,2023-03-20T09:32:06.466Z
023,Split #23,00:00:03.454,00:01:19.618,2023-03-20T09:32:09.920Z
024,Split #24,00:00:03.464,00:01:23.082,2023-03-20T09:32:13.384Z
025,Split #25,00:00:05.130,00:01:28.212,2023-03-20T09:32:18.514Z
026,Split #26,00:00:03.667,00:01:31.879,2023-03-20T09:32:22.181Z
027,Split #27,00:00:03.150,00:01:35.029,2023-03-20T09:32:25.331Z
028,Split #28,00:00:02.903,00:01:37.932,2023-03-20T09:32:28.234Z
029,Split #29,00:00:02.926,00:01:40.858,2023-03-20T09:32:31.160Z
030,Split #30,00:00:03.127,00:01:43.985,2023-03-20T09:32:34.287Z
031,Split #31,00:00:02.792,00:01:46.777,2023-03-20T09:32:37.079Z
032,Split #32,00:00:02.821,00:01:49.598,2023-03-20T09:32:39.900Z
033,Split #33,00:00:03.264,00:01:52.862,2023-03-20T09:32:43.164Z
034,Split #34,00:00:03.397,00:01:56.259,2023-03-20T09:32:46.561Z
035,Split #35,00:00:03.577,00:01:59.836,2023-03-20T09:32:50.138Z
036,Split #36,00:00:03.274,00:02:03.110,2023-03-20T09:32:53.412Z
037,Split #37,00:00:03.454,00:02:06.564,2023-03-20T09:32:56.866Z
038,Split #38,00:00:02.712,00:02:09.276,2023-03-20T09:32:59.578Z
039,Split #39,00:00:02.564,00:02:11.840,2023-03-20T09:33:02.142Z
040,Split #40,00:00:02.767,00:02:14.607,2023-03-20T09:33:04.909Z
041,Split #41,00:00:02.835,00:02:17.442,2023-03-20T09:33:07.744Z
042,Split #42,00:00:02.656,00:02:20.098,2023-03-20T09:33:10.400Z
043,Split #43,00:00:03.454,00:02:23.552,2023-03-20T09:33:13.854Z
044,Split #44,00:00:02.766,00:02:26.318,2023-03-20T09:33:16.620Z
045,Split #45,00:00:02.848,00:02:29.166,2023-03-20T09:33:19.468Z
046,Split #46,00:00:03.149,00:02:32.315,2023-03-20T09:33:22.617Z
047,Split #47,00:00:02.847,00:02:35.162,2023-03-20T09:33:25.464Z
048,Split #48,00:00:02.858,00:02:38.020,2023-03-20T09:33:28.322Z
049,Split #49,00:00:03.455,00:02:41.475,2023-03-20T09:33:31.777Z
050,Split #50,00:00:03.802,00:02:45.277,2023-03-20T09:33:35.579Z
051,Split #51,00:00:02.947,00:02:48.224,2023-03-20T09:33:38.526Z
052,Split #52,00:00:02.924,00:02:51.148,2023-03-20T09:33:41.450Z
053,Split #53,00:00:02.813,00:02:53.961,2023-03-20T09:33:44.263Z
054,Split #54,00:00:02.801,00:02:56.762,2023-03-20T09:33:47.064Z
055,Split #55,00:00:02.565,00:02:59.327,2023-03-20T09:33:49.629Z
056,Split #56,00:00:02.610,00:03:01.937,2023-03-20T09:33:52.239Z
057,Split #57,00:00:02.746,00:03:04.683,2023-03-20T09:33:54.985Z
058,Split #58,00:00:02.710,00:03:07.393,2023-03-20T09:33:57.695Z
059,Split #59,00:00:02.497,00:03:09.890,2023-03-20T09:34:00.192Z
060,Split #60,00:00:02.748,00:03:12.638,2023-03-20T09:34:02.940Z
061,Split #61,00:00:02.632,00:03:15.270,2023-03-20T09:34:05.572Z
062,Split #62,00:00:02.473,00:03:17.743,2023-03-20T09:34:08.045Z
063,Split #63,00:00:02.565,00:03:20.308,2023-03-20T09:34:10.610Z
064,Split #64,00:00:02.374,00:03:22.682,2023-03-20T09:34:12.984Z
065,Split #65,00:00:02.904,00:03:25.586,2023-03-20T09:34:15.888Z
066,Split #66,00:00:02.317,00:03:27.903,2023-03-20T09:34:18.205Z
067,Split #67,00:00:02.452,00:03:30.355,2023-03-20T09:34:20.657Z
068,Split #68,00:00:02.632,00:03:32.987,2023-03-20T09:34:23.289Z
069,Split #69,00:00:02.543,00:03:35.530,2023-03-20T09:34:25.832Z
070,Split #70,00:00:02.634,00:03:38.164,2023-03-20T09:34:28.466Z
071,Split #71,00:00:02.609,00:03:40.773,2023-03-20T09:34:31.075Z
072,Split #72,00:00:02.589,00:03:43.362,2023-03-20T09:34:33.664Z
073,Split #73,00:00:02.701,00:03:46.063,2023-03-20T09:34:36.365Z
074,Split #74,00:00:02.731,00:03:48.794,2023-03-20T09:34:39.096Z
075,Split #75,00:00:03.174,00:03:51.968,2023-03-20T09:34:42.270Z
076,Split #76,00:00:02.585,00:03:54.553,2023-03-20T09:34:44.855Z
077,Split #77,00:00:03.028,00:03:57.581,2023-03-20T09:34:47.883Z
078,Split #78,00:00:04.073,00:04:01.654,2023-03-20T09:34:51.956Z
079,Split #79,00:00:03.170,00:04:04.824,2023-03-20T09:34:55.126Z
080,Split #80,00:00:03.039,00:04:07.863,2023-03-20T09:34:58.165Z
081,Split #81,00:00:04.106,00:04:11.969,2023-03-20T09:35:02.271Z
082,Split #82,00:00:04.321,00:04:16.290,2023-03-20T09:35:06.592Z
083,Split #83,00:00:03.373,00:04:19.663,2023-03-20T09:35:09.965Z
084,Split #84,00:00:03.579,00:04:23.242,2023-03-20T09:35:13.544Z
085,Split #85,00:00:04.296,00:04:27.538,2023-03-20T09:35:17.840Z
086,Split #86,00:00:03.092,00:04:30.630,2023-03-20T09:35:20.932Z
087,Split #87,00:00:03.163,00:04:33.793,2023-03-20T09:35:24.095Z
088,Split #88,00:00:03.398,00:04:37.191,2023-03-20T09:35:27.493Z
089,Split #89,00:00:03.407,00:04:40.598,2023-03-20T09:35:30.900Z
090,Split #90,00:00:03.995,00:04:44.593,2023-03-20T09:35:34.895Z
091,Split #91,00:00:02.385,00:04:46.978,2023-03-20T09:35:37.280Z
092,Split #92,00:00:02.957,00:04:49.935,2023-03-20T09:35:40.237Z
093,Split #93,00:00:02.983,00:04:52.918,2023-03-20T09:35:43.220Z
094,Split #94,00:00:02.915,00:04:55.833,2023-03-20T09:35:46.135Z
095,Split #95,00:00:02.835,00:04:58.668,2023-03-20T09:35:48.970Z
096,Split #96,00:00:02.754,00:05:01.422,2023-03-20T09:35:51.724Z
097,Split #97,00:00:02.814,00:05:04.236,2023-03-20T09:35:54.538Z
098,Split #98,00:00:03.025,00:05:07.261,2023-03-20T09:35:57.563Z
099,Split #99,00:00:02.846,00:05:10.107,2023-03-20T09:36:00.409Z
100,Split #100,00:00:02.881,00:05:12.988,2023-03-20T09:36:03.290Z
101,Split #101,00:00:02.769,00:05:15.757,2023-03-20T09:36:06.059Z
102,Split #102,00:00:02.968,00:05:18.725,2023-03-20T09:36:09.027Z
103,Split #103,00:00:02.858,00:05:21.583,2023-03-20T09:36:11.885Z
104,Split #104,00:00:02.936,00:05:24.519,2023-03-20T09:36:14.821Z
105,Split #105,00:00:02.992,00:05:27.511,2023-03-20T09:36:17.813Z
106,Split #106,00:00:03.028,00:05:30.539,2023-03-20T09:36:20.841Z
107,Split #107,00:00:02.902,00:05:33.441,2023-03-20T09:36:23.743Z
108,Split #108,00:00:02.632,00:05:36.073,2023-03-20T09:36:26.375Z
109,Split #109,00:00:02.891,00:05:38.964,2023-03-20T09:36:29.266Z
110,Split #110,00:00:03.285,00:05:42.249,2023-03-20T09:36:32.551Z
111,Split #111,00:00:02.892,00:05:45.141,2023-03-20T09:36:35.443Z
112,Split #112,00:00:02.926,00:05:48.067,2023-03-20T09:36:38.369Z
113,Split #113,00:00:02.901,00:05:50.968,2023-03-20T09:36:41.270Z
114,Split #114,00:00:03.534,00:05:54.502,2023-03-20T09:36:44.804Z
115,Split #115,00:00:03.869,00:05:58.371,2023-03-20T09:36:48.673Z
116,Split #116,00:00:02.901,00:06:01.272,2023-03-20T09:36:51.574Z
117,Split #117,00:00:03.174,00:06:04.446,2023-03-20T09:36:54.748Z
118,Split #118,00:00:03.906,00:06:08.352,2023-03-20T09:36:58.654Z
119,Split #119,00:00:02.214,00:06:10.566,2023-03-20T09:37:00.868Z
120,Split #120,00:00:03.015,00:06:13.581,2023-03-20T09:37:03.883Z
121,Split #121,00:00:03.692,00:06:17.273,2023-03-20T09:37:07.575Z
122,Split #122,00:00:03.486,00:06:20.759,2023-03-20T09:37:11.061Z
123,Split #123,00:00:02.541,00:06:23.300,2023-03-20T09:37:13.602Z
124,Split #124,00:00:02.363,00:06:25.663,2023-03-20T09:37:15.965Z
125,Split #125,00:00:02.408,00:06:28.071,2023-03-20T09:37:18.373Z
126,Split #126,00:00:02.532,00:06:30.603,2023-03-20T09:37:20.905Z
127,Split #127,00:00:02.597,00:06:33.200,2023-03-20T09:37:23.502Z
128,Split #128,00:00:03.465,00:06:36.665,2023-03-20T09:37:26.967Z
129,Split #129,00:00:03.252,00:06:39.917,2023-03-20T09:37:30.219Z
130,Split #130,00:00:03.533,00:06:43.450,2023-03-20T09:37:33.752Z
131,Split #131,00:00:03.578,00:06:47.028,2023-03-20T09:37:37.330Z
132,Split #132,00:00:03.771,00:06:50.799,2023-03-20T09:37:41.101Z
133,Split #133,00:00:04.058,00:06:54.857,2023-03-20T09:37:45.159Z
134,Split #134,00:00:05.131,00:06:59.988,2023-03-20T09:37:50.290Z
135,Split #135,00:00:07.076,00:07:07.064,2023-03-20T09:37:57.366Z
136,Split #136,00:00:03.128,00:07:10.192,2023-03-20T09:38:00.494Z
137,Split #137,00:00:04.252,00:07:14.444,2023-03-20T09:38:04.746Z
138,Split #138,00:00:02.363,00:07:16.807,2023-03-20T09:38:07.109Z
139,Split #139,00:00:03.768,00:07:20.575,2023-03-20T09:38:10.877Z
140,Split #140,00:00:03.016,00:07:23.591,2023-03-20T09:38:13.893Z
141,Split #141,00:00:03.039,00:07:26.630,2023-03-20T09:38:16.932Z
142,Split #142,00:00:04.036,00:07:30.666,2023-03-20T09:38:20.968Z
143,Split #143,00:00:03.701,00:07:34.367,2023-03-20T09:38:24.669Z
144,Split #144,00:00:03.151,00:07:37.518,2023-03-20T09:38:27.820Z
145,Split #145,00:00:03.096,00:07:40.614,2023-03-20T09:38:30.916Z
146,Split #146,00:00:02.990,00:07:43.604,2023-03-20T09:38:33.906Z
147,Split #147,00:00:03.028,00:07:46.632,2023-03-20T09:38:36.934Z
148,Split #148,00:00:02.990,00:07:49.622,2023-03-20T09:38:39.924Z
149,Split #149,00:00:02.656,00:07:52.278,2023-03-20T09:38:42.580Z
150,Split #150,00:00:03.668,00:07:55.946,2023-03-20T09:38:46.248Z
151,Split #151,00:00:02.812,00:07:58.758,2023-03-20T09:38:49.060Z
152,Split #152,00:00:02.902,00:08:01.660,2023-03-20T09:38:51.962Z
153,Split #153,00:00:03.196,00:08:04.856,2023-03-20T09:38:55.158Z
154,Split #154,00:00:03.353,00:08:08.209,2023-03-20T09:38:58.511Z
155,Split #155,00:00:02.767,00:08:10.976,2023-03-20T09:39:01.278Z
156,Split #156,00:00:02.959,00:08:13.935,2023-03-20T09:39:04.237Z
157,Split #157,00:00:02.778,00:08:16.713,2023-03-20T09:39:07.015Z
158,Split #158,00:00:02.633,00:08:19.346,2023-03-20T09:39:09.648Z
159,Split #159,00:00:02.633,00:08:21.979,2023-03-20T09:39:12.281Z
160,Split #160,00:00:02.553,00:08:24.532,2023-03-20T09:39:14.834Z
161,Split #161,00:00:02.418,00:08:26.950,2023-03-20T09:39:17.252Z
162,Split #162,00:00:02.859,00:08:29.809,2023-03-20T09:39:20.111Z
163,Split #163,00:00:03.126,00:08:32.935,2023-03-20T09:39:23.237Z
164,Split #164,00:00:02.903,00:08:35.838,2023-03-20T09:39:26.140Z
165,Split #165,00:00:02.996,00:08:38.834,2023-03-20T09:39:29.136Z
166,Split #166,00:00:02.585,00:08:41.419,2023-03-20T09:39:31.721Z
167,Split #167,00:00:03.104,00:08:44.523,2023-03-20T09:39:34.825Z
168,Split #168,00:00:02.895,00:08:47.418,2023-03-20T09:39:37.720Z
169,Split #169,00:00:02.922,00:08:50.340,2023-03-20T09:39:40.642Z
170,Split #170,00:00:02.983,00:08:53.323,2023-03-20T09:39:43.625Z
171,Split #171,00:00:03.261,00:08:56.584,2023-03-20T09:39:46.886Z
172,Split #172,00:00:02.992,00:08:59.576,2023-03-20T09:39:49.878Z
173,Split #173,00:00:02.925,00:09:02.501,2023-03-20T09:39:52.803Z
174,Split #174,00:00:02.657,00:09:05.158,2023-03-20T09:39:55.460Z
175,Split #175,00:00:02.609,00:09:07.767,2023-03-20T09:39:58.069Z
176,Split #176,00:00:03.014,00:09:10.781,2023-03-20T09:40:01.083Z
177,Split #177,00:00:03.431,00:09:14.212,2023-03-20T09:40:04.514Z
178,Split #178,00:00:03.332,00:09:17.544,2023-03-20T09:40:07.846Z
179,Split #179,00:00:03.330,00:09:20.874,2023-03-20T09:40:11.176Z
180,Split #180,00:00:02.891,00:09:23.765,2023-03-20T09:40:14.067Z
181,Split #181,00:00:02.925,00:09:26.690,2023-03-20T09:40:16.992Z
182,Split #182,00:00:03.004,00:09:29.694,2023-03-20T09:40:19.996Z
183,Split #183,00:00:02.924,00:09:32.618,2023-03-20T09:40:22.920Z
184,Split #184,00:00:03.017,00:09:35.635,2023-03-20T09:40:25.937Z
185,Split #185,00:00:03.183,00:09:38.818,2023-03-20T09:40:29.120Z
186,Split #186,00:00:02.721,00:09:41.539,2023-03-20T09:40:31.841Z
187,Split #187,00:00:03.904,00:09:45.443,2023-03-20T09:40:35.745Z
188,Split #188,00:00:02.826,00:09:48.269,2023-03-20T09:40:38.571Z
189,Split #189,00:00:02.980,00:09:51.249,2023-03-20T09:40:41.551Z
190,Split #190,00:00:03.072,00:09:54.321,2023-03-20T09:40:44.623Z
191,Split #191,00:00:03.126,00:09:57.447,2023-03-20T09:40:47.749Z
192,Split #192,00:00:02.679,00:10:00.126,2023-03-20T09:40:50.428Z
193,Split #193,00:00:03.374,00:10:03.500,2023-03-20T09:40:53.802Z
194,Split #194,00:00:03.106,00:10:06.606,2023-03-20T09:40:56.908Z
195,Split #195,00:00:02.879,00:10:09.485,2023-03-20T09:40:59.787Z
196,Split #196,00:00:02.655,00:10:12.140,2023-03-20T09:41:02.442Z
197,Split #197,00:00:02.768,00:10:14.908,2023-03-20T09:41:05.210Z
198,Split #198,00:00:03.206,00:10:18.114,2023-03-20T09:41:08.416Z
199,Split #199,00:00:03.138,00:10:21.252,2023-03-20T09:41:11.554Z
200,Split #200,00:00:02.767,00:10:24.019,2023-03-20T09:41:14.321Z
201,Split #201,00:00:03.072,00:10:27.091,2023-03-20T09:41:17.393Z
202,Split #202,00:00:03.803,00:10:30.894,2023-03-20T09:41:21.196Z
203,Split #203,00:00:03.386,00:10:34.280,2023-03-20T09:41:24.582Z
204,Split #204,00:00:02.609,00:10:36.889,2023-03-20T09:41:27.191Z
205,Split #205,00:00:02.385,00:10:39.274,2023-03-20T09:41:29.576Z
206,Split #206,00:00:01.848,00:10:41.122,2023-03-20T09:41:31.424Z
207,Split #207,00:00:02.202,00:10:43.324,2023-03-20T09:41:33.626Z
208,Split #208,00:00:02.331,00:10:45.655,2023-03-20T09:41:35.957Z
209,Split #209,00:00:02.271,00:10:47.926,2023-03-20T09:41:38.228Z
210,Split #210,00:00:04.040,00:10:51.966,2023-03-20T09:41:42.268Z
211,Split #211,00:00:05.176,00:10:57.142,2023-03-20T09:41:47.444Z
212,Split #212,00:00:04.070,00:11:01.212,2023-03-20T09:41:51.514Z
213,Split #213,00:00:03.783,00:11:04.995,2023-03-20T09:41:55.297Z
214,Split #214,00:00:03.599,00:11:08.594,2023-03-20T09:41:58.896Z
215,Split #215,00:00:04.071,00:11:12.665,2023-03-20T09:42:02.967Z
216,Split #216,00:00:04.243,00:11:16.908,2023-03-20T09:42:07.210Z
217,Split #217,00:00:03.758,00:11:20.666,2023-03-20T09:42:10.968Z
218,Split #218,00:00:03.644,00:11:24.310,2023-03-20T09:42:14.612Z
219,Split #219,00:00:04.253,00:11:28.563,2023-03-20T09:42:18.865Z
220,Split #220,00:00:03.092,00:11:31.655,2023-03-20T09:42:21.957Z
221,Split #221,00:00:03.083,00:11:34.738,2023-03-20T09:42:25.040Z
222,Split #222,00:00:03.241,00:11:37.979,2023-03-20T09:42:28.281Z
223,Split #223,00:00:03.308,00:11:41.287,2023-03-20T09:42:31.589Z
224,Split #224,00:00:02.769,00:11:44.056,2023-03-20T09:42:34.358Z
225,Split #225,00:00:03.012,00:11:47.068,2023-03-20T09:42:37.370Z
226,Split #226,00:00:02.982,00:11:50.050,2023-03-20T09:42:40.352Z
227,Split #227,00:00:03.761,00:11:53.811,2023-03-20T09:42:44.113Z
228,Split #228,00:00:03.168,00:11:56.979,2023-03-20T09:42:47.281Z
229,Split #229,00:00:03.555,00:12:00.534,2023-03-20T09:42:50.836Z
230,Split #230,00:00:03.262,00:12:03.796,2023-03-20T09:42:54.098Z
231,Split #231,00:00:03.985,00:12:07.781,2023-03-20T09:42:58.083Z
232,Split #232,00:00:03.418,00:12:11.199,2023-03-20T09:43:01.501Z
233,Split #233,00:00:03.299,00:12:14.498,2023-03-20T09:43:04.800Z
234,Split #234,00:00:03.385,00:12:17.883,2023-03-20T09:43:08.185Z
235,Split #235,00:00:03.442,00:12:21.325,2023-03-20T09:43:11.627Z
236,Split #236,00:00:03.847,00:12:25.172,2023-03-20T09:43:15.474Z
237,Split #237,00:00:03.307,00:12:28.479,2023-03-20T09:43:18.781Z
238,Split #238,00:00:03.084,00:12:31.563,2023-03-20T09:43:21.865Z
239,Split #239,00:00:03.060,00:12:34.623,2023-03-20T09:43:24.925Z
240,Split #240,00:00:02.790,00:12:37.413,2023-03-20T09:43:27.715Z
241,Split #241,00:00:02.812,00:12:40.225,2023-03-20T09:43:30.527Z
242,Split #242,00:00:03.064,00:12:43.289,2023-03-20T09:43:33.591Z
243,Split #243,00:00:02.988,00:12:46.277,2023-03-20T09:43:36.579Z
244,Split #244,00:00:02.902,00:12:49.179,2023-03-20T09:43:39.481Z
245,Split #245,00:00:02.815,00:12:51.994,2023-03-20T09:43:42.296Z
246,Split #246,00:00:03.272,00:12:55.266,2023-03-20T09:43:45.568Z
247,Split #247,00:00:03.150,00:12:58.416,2023-03-20T09:43:48.718Z
248,Split #248,00:00:04.098,00:13:02.514,2023-03-20T09:43:52.816Z
249,Split #249,00:00:03.035,00:13:05.549,2023-03-20T09:43:55.851Z
250,Split #250,00:00:02.949,00:13:08.498,2023-03-20T09:43:58.800Z
251,Split #251,00:00:03.171,00:13:11.669,2023-03-20T09:44:01.971Z
252,Split #252,00:00:03.217,00:13:14.886,2023-03-20T09:44:05.188Z
253,Split #253,00:00:03.353,00:13:18.239,2023-03-20T09:44:08.541Z
254,Split #254,00:00:03.691,00:13:21.930,2023-03-20T09:44:12.232Z
255,Split #255,00:00:03.825,00:13:25.755,2023-03-20T09:44:16.057Z
256,Split #256,00:00:04.185,00:13:29.940,2023-03-20T09:44:20.242Z
257,Split #257,00:00:04.072,00:13:34.012,2023-03-20T09:44:24.314Z
258,Split #258,00:00:04.862,00:13:38.874,2023-03-20T09:44:29.176Z
259,Split #259,00:00:13.958,00:13:52.832,2023-03-20T09:44:43.134Z
260,Pause #1,---,---,2023-03-20T09:44:43.134Z