#,Label,Interval,Total,Time Recorded
000,Start #1,---,---,2023-04-05T07:18:46.573Z
001,Split #1,00:00:03.411,00:00:03.411,2023-04-05T07:18:49.984Z
002,Split #2,00:00:03.057,00:00:06.468,2023-04-05T07:18:53.041Z
003,Split #3,00:00:03.760,00:00:10.228,2023-04-05T07:18:56.801Z
004,Split #4,00:00:02.969,00:00:13.197,2023-04-05T07:18:59.770Z
005,Split #5,00:00:03.172,00:00:16.369,2023-04-05T07:19:02.942Z
006,Split #6,00:00:03.242,00:00:19.611,2023-04-05T07:19:06.184Z
007,Split #7,00:00:03.957,00:00:23.568,2023-04-05T07:19:10.141Z
008,Split #8,00:00:02.750,00:00:26.318,2023-04-05T07:19:12.891Z
009,Split #9,00:00:02.899,00:00:29.217,2023-04-05T07:19:15.790Z
010,Split #10,00:00:02.812,00:00:32.029,2023-04-05T07:19:18.602Z
011,Split #11,00:00:02.891,00:00:34.920,2023-04-05T07:19:21.493Z
012,Split #12,00:00:02.880,00:00:37.800,2023-04-05T07:19:24.373Z
013,Split #13,00:00:02.722,00:00:40.522,2023-04-05T07:19:27.095Z
014,Split #14,00:00:02.903,00:00:43.425,2023-04-05T07:19:29.998Z
015,Split #15,00:00:02.970,00:00:46.395,2023-04-05T07:19:32.968Z
016,Split #16,00:00:04.095,00:00:50.490,2023-04-05T07:19:37.063Z
017,Split #17,00:00:04.052,00:00:54.542,2023-04-05T07:19:41.115Z
018,Split #18,00:00:03.059,00:00:57.601,2023-04-05T07:19:44.174Z
019,Split #19,00:00:02.924,00:01:00.525,2023-04-05T07:19:47.098Z
020,Split #20,00:00:02.689,00:01:03.214,2023-04-05T07:19:49.787Z
021,Split #21,00:00:02.903,00:01:06.117,2023-04-05T07:19:52.690Z
022,Split #22,00:00:03.397,00:01:09.514,2023-04-05T07:19:56.087Z
023,Split #23,00:00:02.972,00:01:12.486,2023-04-05T07:19:59.059Z
024,Split #24,00:00:04.746,00:01:17.232,2023-04-05T07:20:03.805Z
025,Split #25,00:00:03.871,00:01:21.103,2023-04-05T07:20:07.676Z
026,Split #26,00:00:03.081,00:01:24.184,2023-04-05T07:20:10.757Z
027,Split #27,00:00:03.286,00:01:27.470,2023-04-05T07:20:14.043Z
028,Split #28,00:00:02.969,00:01:30.439,2023-04-05T07:20:17.012Z
029,Split #29,00:00:03.375,00:01:33.814,2023-04-05T07:20:20.387Z
030,Split #30,00:00:02.880,00:01:36.694,2023-04-05T07:20:23.267Z
031,Split #31,00:00:02.712,00:01:39.406,2023-04-05T07:20:25.979Z
032,Split #32,00:00:03.467,00:01:42.873,2023-04-05T07:20:29.446Z
033,Split #33,00:00:04.161,00:01:47.034,2023-04-05T07:20:33.607Z
034,Split #34,00:00:03.701,00:01:50.735,2023-04-05T07:20:37.308Z
035,Split #35,00:00:03.625,00:01:54.360,2023-04-05T07:20:40.933Z
036,Split #36,00:00:03.192,00:01:57.552,2023-04-05T07:20:44.125Z
037,Split #37,00:00:03.510,00:02:01.062,2023-04-05T07:20:47.635Z
038,Split #38,00:00:03.037,00:02:04.099,2023-04-05T07:20:50.672Z
039,Split #39,00:00:03.286,00:02:07.385,2023-04-05T07:20:53.958Z
040,Split #40,00:00:02.947,00:02:10.332,2023-04-05T07:20:56.905Z
041,Split #41,00:00:03.421,00:02:13.753,2023-04-05T07:21:00.326Z
042,Split #42,00:00:03.217,00:02:16.970,2023-04-05T07:21:03.543Z
043,Split #43,00:00:02.947,00:02:19.917,2023-04-05T07:21:06.490Z
044,Split #44,00:00:03.128,00:02:23.045,2023-04-05T07:21:09.618Z
045,Split #45,00:00:03.465,00:02:26.510,2023-04-05T07:21:13.083Z
046,Split #46,00:00:03.038,00:02:29.548,2023-04-05T07:21:16.121Z
047,Split #47,00:00:03.533,00:02:33.081,2023-04-05T07:21:19.654Z
048,Split #48,00:00:03.330,00:02:36.411,2023-04-05T07:21:22.984Z
049,Split #49,00:00:04.353,00:02:40.764,2023-04-05T07:21:27.337Z
050,Split #50,00:00:03.330,00:02:44.094,2023-04-05T07:21:30.667Z
051,Split #51,00:00:02.880,00:02:46.974,2023-04-05T07:21:33.547Z
052,Split #52,00:00:03.016,00:02:49.990,2023-04-05T07:21:36.563Z
053,Split #53,00:00:03.014,00:02:53.004,2023-04-05T07:21:39.577Z
054,Split #54,00:00:03.230,00:02:56.234,2023-04-05T07:21:42.807Z
055,Split #55,00:00:03.218,00:02:59.452,2023-04-05T07:21:46.025Z
056,Split #56,00:00:03.037,00:03:02.489,2023-04-05T07:21:49.062Z
057,Split #57,00:00:02.880,00:03:05.369,2023-04-05T07:21:51.942Z
058,Split #58,00:00:02.834,00:03:08.203,2023-04-05T07:21:54.776Z
059,Split #59,00:00:02.858,00:03:11.061,2023-04-05T07:21:57.634Z
060,Split #60,00:00:02.767,00:03:13.828,2023-04-05T07:22:00.401Z
061,Split #61,00:00:02.747,00:03:16.575,2023-04-05T07:22:03.148Z
062,Split #62,00:00:02.586,00:03:19.161,2023-04-05T07:22:05.734Z
063,Split #63,00:00:02.564,00:03:21.725,2023-04-05T07:22:08.298Z
064,Split #64,00:00:02.727,00:03:24.452,2023-04-05T07:22:11.025Z
065,Split #65,00:00:02.719,00:03:27.171,2023-04-05T07:22:13.744Z
066,Split #66,00:00:02.433,00:03:29.604,2023-04-05T07:22:16.177Z
067,Split #67,00:00:02.585,00:03:32.189,2023-04-05T07:22:18.762Z
068,Split #68,00:00:02.633,00:03:34.822,2023-04-05T07:22:21.395Z
069,Split #69,00:00:02.565,00:03:37.387,2023-04-05T07:22:23.960Z
070,Split #70,00:00:02.643,00:03:40.030,2023-04-05T07:22:26.603Z
071,Split #71,00:00:02.599,00:03:42.629,2023-04-05T07:22:29.202Z
072,Split #72,00:00:02.992,00:03:45.621,2023-04-05T07:22:32.194Z
073,Split #73,00:00:03.151,00:03:48.772,2023-04-05T07:22:35.345Z
074,Split #74,00:00:02.722,00:03:51.494,2023-04-05T07:22:38.067Z
075,Split #75,00:00:02.601,00:03:54.095,2023-04-05T07:22:40.668Z
076,Split #76,00:00:02.699,00:03:56.794,2023-04-05T07:22:43.367Z
077,Split #77,00:00:03.554,00:04:00.348,2023-04-05T07:22:46.921Z
078,Split #78,00:00:03.138,00:04:03.486,2023-04-05T07:22:50.059Z
079,Split #79,00:00:03.195,00:04:06.681,2023-04-05T07:22:53.254Z
080,Split #80,00:00:03.938,00:04:10.619,2023-04-05T07:22:57.192Z
081,Split #81,00:00:04.736,00:04:15.355,2023-04-05T07:23:01.928Z
082,Split #82,00:00:04.414,00:04:19.769,2023-04-05T07:23:06.342Z
083,Split #83,00:00:04.634,00:04:24.403,2023-04-05T07:23:10.976Z
084,Split #84,00:00:03.395,00:04:27.798,2023-04-05T07:23:14.371Z
085,Split #85,00:00:02.902,00:04:30.700,2023-04-05T07:23:17.273Z
086,Split #86,00:00:02.701,00:04:33.401,2023-04-05T07:23:19.974Z
087,Split #87,00:00:02.723,00:04:36.124,2023-04-05T07:23:22.697Z
088,Split #88,00:00:03.217,00:04:39.341,2023-04-05T07:23:25.914Z
089,Split #89,00:00:04.252,00:04:43.593,2023-04-05T07:23:30.166Z
090,Split #90,00:00:03.333,00:04:46.926,2023-04-05T07:23:33.499Z
091,Split #91,00:00:03.361,00:04:50.287,2023-04-05T07:23:36.860Z
092,Split #92,00:00:03.466,00:04:53.753,2023-04-05T07:23:40.326Z
093,Split #93,00:00:03.678,00:04:57.431,2023-04-05T07:23:44.004Z
094,Split #94,00:00:03.274,00:05:00.705,2023-04-05T07:23:47.278Z
095,Split #95,00:00:02.970,00:05:03.675,2023-04-05T07:23:50.248Z
096,Split #96,00:00:03.082,00:05:06.757,2023-04-05T07:23:53.330Z
097,Split #97,00:00:03.601,00:05:10.358,2023-04-05T07:23:56.931Z
098,Split #98,00:00:03.082,00:05:13.440,2023-04-05T07:24:00.013Z
099,Split #99,00:00:02.614,00:05:16.054,2023-04-05T07:24:02.627Z
100,Split #100,00:00:02.876,00:05:18.930,2023-04-05T07:24:05.503Z
101,Split #101,00:00:03.578,00:05:22.508,2023-04-05T07:24:09.081Z
102,Split #102,00:00:03.064,00:05:25.572,2023-04-05T07:24:12.145Z
103,Split #103,00:00:03.123,00:05:28.695,2023-04-05T07:24:15.268Z
104,Split #104,00:00:03.378,00:05:32.073,2023-04-05T07:24:18.646Z
105,Split #105,00:00:03.237,00:05:35.310,2023-04-05T07:24:21.883Z
106,Split #106,00:00:03.083,00:05:38.393,2023-04-05T07:24:24.966Z
107,Split #107,00:00:03.432,00:05:41.825,2023-04-05T07:24:28.398Z
108,Split #108,00:00:03.398,00:05:45.223,2023-04-05T07:24:31.796Z
109,Split #109,00:00:03.689,00:05:48.912,2023-04-05T07:24:35.485Z
110,Split #110,00:00:03.645,00:05:52.557,2023-04-05T07:24:39.130Z
111,Split #111,00:00:03.691,00:05:56.248,2023-04-05T07:24:42.821Z
112,Split #112,00:00:03.306,00:05:59.554,2023-04-05T07:24:46.127Z
113,Split #113,00:00:03.151,00:06:02.705,2023-04-05T07:24:49.278Z
114,Split #114,00:00:03.128,00:06:05.833,2023-04-05T07:24:52.406Z
115,Split #115,00:00:02.924,00:06:08.757,2023-04-05T07:24:55.330Z
116,Split #116,00:00:02.903,00:06:11.660,2023-04-05T07:24:58.233Z
117,Split #117,00:00:03.600,00:06:15.260,2023-04-05T07:25:01.833Z
118,Split #118,00:00:03.240,00:06:18.500,2023-04-05T07:25:05.073Z
119,Split #119,00:00:03.421,00:06:21.921,2023-04-05T07:25:08.494Z
120,Split #120,00:00:03.960,00:06:25.881,2023-04-05T07:25:12.454Z
121,Split #121,00:00:03.476,00:06:29.357,2023-04-05T07:25:15.930Z
122,Split #122,00:00:02.722,00:06:32.079,2023-04-05T07:25:18.652Z
123,Split #123,00:00:02.633,00:06:34.712,2023-04-05T07:25:21.285Z
124,Split #124,00:00:03.421,00:06:38.133,2023-04-05T07:25:24.706Z
125,Split #125,00:00:02.856,00:06:40.989,2023-04-05T07:25:27.562Z
126,Split #126,00:00:03.826,00:06:44.815,2023-04-05T07:25:31.388Z
127,Split #127,00:00:03.521,00:06:48.336,2023-04-05T07:25:34.909Z
128,Split #128,00:00:03.532,00:06:51.868,2023-04-05T07:25:38.441Z
129,Split #129,00:00:03.487,00:06:55.355,2023-04-05T07:25:41.928Z
130,Split #130,00:00:03.467,00:06:58.822,2023-04-05T07:25:45.395Z
131,Split #131,00:00:03.239,00:07:02.061,2023-04-05T07:25:48.634Z
132,Split #132,00:00:04.006,00:07:06.067,2023-04-05T07:25:52.640Z
133,Split #133,00:00:06.007,00:07:12.074,2023-04-05T07:25:58.647Z
134,Split #134,00:00:03.307,00:07:15.381,2023-04-05T07:26:01.954Z
135,Split #135,00:00:03.262,00:07:18.643,2023-04-05T07:26:05.216Z
136,Split #136,00:00:03.533,00:07:22.176,2023-04-05T07:26:08.749Z
137,Split #137,00:00:03.715,00:07:25.891,2023-04-05T07:26:12.464Z
138,Split #138,00:00:03.170,00:07:29.061,2023-04-05T07:26:15.634Z
139,Split #139,00:00:02.882,00:07:31.943,2023-04-05T07:26:18.516Z
140,Split #140,00:00:04.295,00:07:36.238,2023-04-05T07:26:22.811Z
141,Split #141,00:00:03.623,00:07:39.861,2023-04-05T07:26:26.434Z
142,Split #142,00:00:03.534,00:07:43.395,2023-04-05T07:26:29.968Z
143,Split #143,00:00:03.868,00:07:47.263,2023-04-05T07:26:33.836Z
144,Split #144,00:00:03.399,00:07:50.662,2023-04-05T07:26:37.235Z
145,Split #145,00:00:04.004,00:07:54.666,2023-04-05T07:26:41.239Z
146,Split #146,00:00:03.285,00:07:57.951,2023-04-05T07:26:44.524Z
147,Split #147,00:00:02.927,00:08:00.878,2023-04-05T07:26:47.451Z
148,Split #148,00:00:03.969,00:08:04.847,2023-04-05T07:26:51.420Z
149,Split #149,00:00:03.466,00:08:08.313,2023-04-05T07:26:54.886Z
150,Split #150,00:00:03.668,00:08:11.981,2023-04-05T07:26:58.554Z
151,Split #151,00:00:03.397,00:08:15.378,2023-04-05T07:27:01.951Z
152,Split #152,00:00:03.286,00:08:18.664,2023-04-05T07:27:05.237Z
153,Split #153,00:00:02.768,00:08:21.432,2023-04-05T07:27:08.005Z
154,Split #154,00:00:02.653,00:08:24.085,2023-04-05T07:27:10.658Z
155,Split #155,00:00:02.790,00:08:26.875,2023-04-05T07:27:13.448Z
156,Split #156,00:00:02.610,00:08:29.485,2023-04-05T07:27:16.058Z
157,Split #157,00:00:02.589,00:08:32.074,2023-04-05T07:27:18.647Z
158,Split #158,00:00:02.385,00:08:34.459,2023-04-05T07:27:21.032Z
159,Split #159,00:00:02.474,00:08:36.933,2023-04-05T07:27:23.506Z
160,Split #160,00:00:02.544,00:08:39.477,2023-04-05T07:27:26.050Z
161,Split #161,00:00:02.902,00:08:42.379,2023-04-05T07:27:28.952Z
162,Split #162,00:00:02.789,00:08:45.168,2023-04-05T07:27:31.741Z
163,Split #163,00:00:02.812,00:08:47.980,2023-04-05T07:27:34.553Z
164,Split #164,00:00:02.501,00:08:50.481,2023-04-05T07:27:37.054Z
165,Split #165,00:00:02.855,00:08:53.336,2023-04-05T07:27:39.909Z
166,Split #166,00:00:02.836,00:08:56.172,2023-04-05T07:27:42.745Z
167,Split #167,00:00:02.431,00:08:58.603,2023-04-05T07:27:45.176Z
168,Split #168,00:00:02.787,00:09:01.390,2023-04-05T07:27:47.963Z
169,Split #169,00:00:03.332,00:09:04.722,2023-04-05T07:27:51.295Z
170,Split #170,00:00:03.104,00:09:07.826,2023-04-05T07:27:54.399Z
171,Split #171,00:00:03.150,00:09:10.976,2023-04-05T07:27:57.549Z
172,Split #172,00:00:02.997,00:09:13.973,2023-04-05T07:28:00.546Z
173,Split #173,00:00:02.833,00:09:16.806,2023-04-05T07:28:03.379Z
174,Split #174,00:00:02.836,00:09:19.642,2023-04-05T07:28:06.215Z
175,Split #175,00:00:02.921,00:09:22.563,2023-04-05T07:28:09.136Z
176,Split #176,00:00:03.184,00:09:25.747,2023-04-05T07:28:12.320Z
177,Split #177,00:00:03.814,00:09:29.561,2023-04-05T07:28:16.134Z
178,Split #178,00:00:02.993,00:09:32.554,2023-04-05T07:28:19.127Z
179,Split #179,00:00:03.014,00:09:35.568,2023-04-05T07:28:22.141Z
180,Split #180,00:00:03.533,00:09:39.101,2023-04-05T07:28:25.674Z
181,Split #181,00:00:03.780,00:09:42.881,2023-04-05T07:28:29.454Z
182,Split #182,00:00:03.027,00:09:45.908,2023-04-05T07:28:32.481Z
183,Split #183,00:00:02.958,00:09:48.866,2023-04-05T07:28:35.439Z
184,Split #184,00:00:03.466,00:09:52.332,2023-04-05T07:28:38.905Z
185,Split #185,00:00:04.319,00:09:56.651,2023-04-05T07:28:43.224Z
186,Split #186,00:00:03.623,00:10:00.274,2023-04-05T07:28:46.847Z
187,Split #187,00:00:03.532,00:10:03.806,2023-04-05T07:28:50.379Z
188,Split #188,00:00:03.331,00:10:07.137,2023-04-05T07:28:53.710Z
189,Split #189,00:00:03.869,00:10:11.006,2023-04-05T07:28:57.579Z
190,Split #190,00:00:03.376,00:10:14.382,2023-04-05T07:29:00.955Z
191,Split #191,00:00:03.645,00:10:18.027,2023-04-05T07:29:04.600Z
192,Split #192,00:00:04.073,00:10:22.100,2023-04-05T07:29:08.673Z
193,Split #193,00:00:03.644,00:10:25.744,2023-04-05T07:29:12.317Z
194,Split #194,00:00:03.600,00:10:29.344,2023-04-05T07:29:15.917Z
195,Split #195,00:00:03.195,00:10:32.539,2023-04-05T07:29:19.112Z
196,Split #196,00:00:03.736,00:10:36.275,2023-04-05T07:29:22.848Z
197,Split #197,00:00:03.948,00:10:40.223,2023-04-05T07:29:26.796Z
198,Split #198,00:00:03.398,00:10:43.621,2023-04-05T07:29:30.194Z
199,Split #199,00:00:03.332,00:10:46.953,2023-04-05T07:29:33.526Z
200,Split #200,00:00:04.026,00:10:50.979,2023-04-05T07:29:37.552Z
201,Split #201,00:00:04.591,00:10:55.570,2023-04-05T07:29:42.143Z
202,Split #202,00:00:02.991,00:10:58.561,2023-04-05T07:29:45.134Z
203,Split #203,00:00:02.793,00:11:01.354,2023-04-05T07:29:47.927Z
204,Split #204,00:00:02.809,00:11:04.163,2023-04-05T07:29:50.736Z
205,Split #205,00:00:02.982,00:11:07.145,2023-04-05T07:29:53.718Z
206,Split #206,00:00:02.947,00:11:10.092,2023-04-05T07:29:56.665Z
207,Split #207,00:00:03.004,00:11:13.096,2023-04-05T07:29:59.669Z
208,Split #208,00:00:04.162,00:11:17.258,2023-04-05T07:30:03.831Z
209,Split #209,00:00:05.356,00:11:22.614,2023-04-05T07:30:09.187Z
210,Split #210,00:00:03.836,00:11:26.450,2023-04-05T07:30:13.023Z
211,Split #211,00:00:03.680,00:11:30.130,2023-04-05T07:30:16.703Z
212,Split #212,00:00:03.824,00:11:33.954,2023-04-05T07:30:20.527Z
213,Split #213,00:00:03.432,00:11:37.386,2023-04-05T07:30:23.959Z
214,Split #214,00:00:04.286,00:11:41.672,2023-04-05T07:30:28.245Z
215,Split #215,00:00:03.600,00:11:45.272,2023-04-05T07:30:31.845Z
216,Split #216,00:00:04.320,00:11:49.592,2023-04-05T07:30:36.165Z
217,Split #217,00:00:03.577,00:11:53.169,2023-04-05T07:30:39.742Z
218,Split #218,00:00:03.061,00:11:56.230,2023-04-05T07:30:42.803Z
219,Split #219,00:00:02.992,00:11:59.222,2023-04-05T07:30:45.795Z
220,Split #220,00:00:03.172,00:12:02.394,2023-04-05T07:30:48.967Z
221,Split #221,00:00:02.790,00:12:05.184,2023-04-05T07:30:51.757Z
222,Split #222,00:00:02.771,00:12:07.955,2023-04-05T07:30:54.528Z
223,Split #223,00:00:02.641,00:12:10.596,2023-04-05T07:30:57.169Z
224,Split #224,00:00:03.240,00:12:13.836,2023-04-05T07:31:00.409Z
225,Split #225,00:00:03.600,00:12:17.436,2023-04-05T07:31:04.009Z
226,Split #226,00:00:02.924,00:12:20.360,2023-04-05T07:31:06.933Z
227,Split #227,00:00:03.668,00:12:24.028,2023-04-05T07:31:10.601Z
228,Split #228,00:00:03.894,00:12:27.922,2023-04-05T07:31:14.495Z
229,Split #229,00:00:04.163,00:12:32.085,2023-04-05T07:31:18.658Z
230,Split #230,00:00:03.285,00:12:35.370,2023-04-05T07:31:21.943Z
231,Split #231,00:00:03.272,00:12:38.642,2023-04-05T07:31:25.215Z
232,Split #232,00:00:03.015,00:12:41.657,2023-04-05T07:31:28.230Z
233,Split #233,00:00:03.488,00:12:45.145,2023-04-05T07:31:31.718Z
234,Split #234,00:00:03.195,00:12:48.340,2023-04-05T07:31:34.913Z
235,Split #235,00:00:03.150,00:12:51.490,2023-04-05T07:31:38.063Z
236,Split #236,00:00:03.150,00:12:54.640,2023-04-05T07:31:41.213Z
237,Split #237,00:00:03.037,00:12:57.677,2023-04-05T07:31:44.250Z
238,Split #238,00:00:02.655,00:13:00.332,2023-04-05T07:31:46.905Z
239,Split #239,00:00:02.475,00:13:02.807,2023-04-05T07:31:49.380Z
240,Split #240,00:00:02.769,00:13:05.576,2023-04-05T07:31:52.149Z
241,Split #241,00:00:02.969,00:13:08.545,2023-04-05T07:31:55.118Z
242,Split #242,00:00:02.565,00:13:11.110,2023-04-05T07:31:57.683Z
243,Split #243,00:00:02.565,00:13:13.675,2023-04-05T07:32:00.248Z
244,Split #244,00:00:02.501,00:13:16.176,2023-04-05T07:32:02.749Z
245,Split #245,00:00:03.057,00:13:19.233,2023-04-05T07:32:05.806Z
246,Split #246,00:00:02.812,00:13:22.045,2023-04-05T07:32:08.618Z
247,Split #247,00:00:03.240,00:13:25.285,2023-04-05T07:32:11.858Z
248,Split #248,00:00:02.655,00:13:27.940,2023-04-05T07:32:14.513Z
249,Split #249,00:00:07.338,00:13:35.278,2023-04-05T07:32:21.851Z
250,Split #250,00:00:03.575,00:13:38.853,2023-04-05T07:32:25.426Z
251,Split #251,00:00:02.948,00:13:41.801,2023-04-05T07:32:28.374Z
252,Split #252,00:00:03.374,00:13:45.175,2023-04-05T07:32:31.748Z
253,Split #253,00:00:03.738,00:13:48.913,2023-04-05T07:32:35.486Z
254,Split #254,00:00:04.003,00:13:52.916,2023-04-05T07:32:39.489Z
255,Split #255,00:00:04.816,00:13:57.732,2023-04-05T07:32:44.305Z
256,Split #256,00:00:09.226,00:14:06.958,2023-04-05T07:32:53.531Z