#,Label,Interval,Total,Time Recorded
000,Start #1,---,---,2023-04-02T14:20:19.144Z
001,Split #1,00:00:03.983,00:00:03.983,2023-04-02T14:20:23.127Z
002,Split #2,00:00:04.117,00:00:08.100,2023-04-02T14:20:27.244Z
003,Split #3,00:00:03.386,00:00:11.486,2023-04-02T14:20:30.630Z
004,Split #4,00:00:03.623,00:00:15.109,2023-04-02T14:20:34.253Z
005,Split #5,00:00:03.577,00:00:18.686,2023-04-02T14:20:37.830Z
006,Split #6,00:00:03.612,00:00:22.298,2023-04-02T14:20:41.442Z
007,Split #7,00:00:03.107,00:00:25.405,2023-04-02T14:20:44.549Z
008,Split #8,00:00:03.500,00:00:28.905,2023-04-02T14:20:48.049Z
009,Split #9,00:00:03.733,00:00:32.638,2023-04-02T14:20:51.782Z
010,Split #10,00:00:03.702,00:00:36.340,2023-04-02T14:20:55.484Z
011,Split #11,00:00:03.295,00:00:39.635,2023-04-02T14:20:58.779Z
012,Split #12,00:00:03.150,00:00:42.785,2023-04-02T14:21:01.929Z
013,Split #13,00:00:03.320,00:00:46.105,2023-04-02T14:21:05.249Z
014,Split #14,00:00:03.757,00:00:49.862,2023-04-02T14:21:09.006Z
015,Split #15,00:00:03.261,00:00:53.123,2023-04-02T14:21:12.267Z
016,Split #16,00:00:03.375,00:00:56.498,2023-04-02T14:21:15.642Z
017,Split #17,00:00:03.578,00:01:00.076,2023-04-02T14:21:19.220Z
018,Split #18,00:00:04.118,00:01:04.194,2023-04-02T14:21:23.338Z
019,Split #19,00:00:03.318,00:01:07.512,2023-04-02T14:21:26.656Z
020,Split #20,00:00:03.331,00:01:10.843,2023-04-02T14:21:29.987Z
021,Split #21,00:00:03.036,00:01:13.879,2023-04-02T14:21:33.023Z
022,Split #22,00:00:03.490,00:01:17.369,2023-04-02T14:21:36.513Z
023,Split #23,00:00:03.553,00:01:20.922,2023-04-02T14:21:40.066Z
024,Split #24,00:00:03.442,00:01:24.364,2023-04-02T14:21:43.508Z
025,Split #25,00:00:03.601,00:01:27.965,2023-04-02T14:21:47.109Z
026,Split #26,00:00:03.285,00:01:31.250,2023-04-02T14:21:50.394Z
027,Split #27,00:00:02.992,00:01:34.242,2023-04-02T14:21:53.386Z
028,Split #28,00:00:03.083,00:01:37.325,2023-04-02T14:21:56.469Z
029,Split #29,00:00:02.723,00:01:40.048,2023-04-02T14:21:59.192Z
030,Split #30,00:00:03.240,00:01:43.288,2023-04-02T14:22:02.432Z
031,Split #31,00:00:03.217,00:01:46.505,2023-04-02T14:22:05.649Z
032,Split #32,00:00:03.195,00:01:49.700,2023-04-02T14:22:08.844Z
033,Split #33,00:00:03.332,00:01:53.032,2023-04-02T14:22:12.176Z
034,Split #34,00:00:03.171,00:01:56.203,2023-04-02T14:22:15.347Z
035,Split #35,00:00:03.217,00:01:59.420,2023-04-02T14:22:18.564Z
036,Split #36,00:00:02.948,00:02:02.368,2023-04-02T14:22:21.512Z
037,Split #37,00:00:03.060,00:02:05.428,2023-04-02T14:22:24.572Z
038,Split #38,00:00:02.992,00:02:08.420,2023-04-02T14:22:27.564Z
039,Split #39,00:00:03.083,00:02:11.503,2023-04-02T14:22:30.647Z
040,Split #40,00:00:03.018,00:02:14.521,2023-04-02T14:22:33.665Z
041,Split #41,00:00:03.236,00:02:17.757,2023-04-02T14:22:36.901Z
042,Split #42,00:00:03.207,00:02:20.964,2023-04-02T14:22:40.108Z
043,Split #43,00:00:03.492,00:02:24.456,2023-04-02T14:22:43.600Z
044,Split #44,00:00:03.360,00:02:27.816,2023-04-02T14:22:46.960Z
045,Split #45,00:00:03.127,00:02:30.943,2023-04-02T14:22:50.087Z
046,Split #46,00:00:03.330,00:02:34.273,2023-04-02T14:22:53.417Z
047,Split #47,00:00:03.094,00:02:37.367,2023-04-02T14:22:56.511Z
048,Split #48,00:00:03.072,00:02:40.439,2023-04-02T14:22:59.583Z
049,Split #49,00:00:02.980,00:02:43.419,2023-04-02T14:23:02.563Z
050,Split #50,00:00:03.735,00:02:47.154,2023-04-02T14:23:06.298Z
051,Split #51,00:00:03.151,00:02:50.305,2023-04-02T14:23:09.449Z
052,Split #52,00:00:03.285,00:02:53.590,2023-04-02T14:23:12.734Z
053,Split #53,00:00:03.194,00:02:56.784,2023-04-02T14:23:15.928Z
054,Split #54,00:00:03.084,00:02:59.868,2023-04-02T14:23:19.012Z
055,Split #55,00:00:03.399,00:03:03.267,2023-04-02T14:23:22.411Z
056,Split #56,00:00:03.237,00:03:06.504,2023-04-02T14:23:25.648Z
057,Split #57,00:00:03.308,00:03:09.812,2023-04-02T14:23:28.956Z
058,Split #58,00:00:02.993,00:03:12.805,2023-04-02T14:23:31.949Z
059,Split #59,00:00:02.249,00:03:15.054,2023-04-02T14:23:34.198Z
060,Split #60,00:00:02.521,00:03:17.575,2023-04-02T14:23:36.719Z
061,Split #61,00:00:02.655,00:03:20.230,2023-04-02T14:23:39.374Z
062,Split #62,00:00:02.994,00:03:23.224,2023-04-02T14:23:42.368Z
063,Split #63,00:00:02.485,00:03:25.709,2023-04-02T14:23:44.853Z
064,Split #64,00:00:02.857,00:03:28.566,2023-04-02T14:23:47.710Z
065,Split #65,00:00:03.150,00:03:31.716,2023-04-02T14:23:50.860Z
066,Split #66,00:00:03.038,00:03:34.754,2023-04-02T14:23:53.898Z
067,Split #67,00:00:02.857,00:03:37.611,2023-04-02T14:23:56.755Z
068,Split #68,00:00:02.600,00:03:40.211,2023-04-02T14:23:59.355Z
069,Split #69,00:00:03.104,00:03:43.315,2023-04-02T14:24:02.459Z
070,Split #70,00:00:02.950,00:03:46.265,2023-04-02T14:24:05.409Z
071,Split #71,00:00:03.148,00:03:49.413,2023-04-02T14:24:08.557Z
072,Split #72,00:00:03.059,00:03:52.472,2023-04-02T14:24:11.616Z
073,Split #73,00:00:03.263,00:03:55.735,2023-04-02T14:24:14.879Z
074,Split #74,00:00:03.152,00:03:58.887,2023-04-02T14:24:18.031Z
075,Split #75,00:00:03.384,00:04:02.271,2023-04-02T14:24:21.415Z
076,Split #76,00:00:03.241,00:04:05.512,2023-04-02T14:24:24.656Z
077,Split #77,00:00:04.007,00:04:09.519,2023-04-02T14:24:28.663Z
078,Split #78,00:00:03.777,00:04:13.296,2023-04-02T14:24:32.440Z
079,Split #79,00:00:03.661,00:04:16.957,2023-04-02T14:24:36.101Z
080,Split #80,00:00:03.394,00:04:20.351,2023-04-02T14:24:39.495Z
081,Split #81,00:00:03.768,00:04:24.119,2023-04-02T14:24:43.263Z
082,Split #82,00:00:03.577,00:04:27.696,2023-04-02T14:24:46.840Z
083,Split #83,00:00:03.466,00:04:31.162,2023-04-02T14:24:50.306Z
084,Split #84,00:00:03.465,00:04:34.627,2023-04-02T14:24:53.771Z
085,Split #85,00:00:03.690,00:04:38.317,2023-04-02T14:24:57.461Z
086,Split #86,00:00:03.532,00:04:41.849,2023-04-02T14:25:00.993Z
087,Split #87,00:00:03.400,00:04:45.249,2023-04-02T14:25:04.393Z
088,Split #88,00:00:03.485,00:04:48.734,2023-04-02T14:25:07.878Z
089,Split #89,00:00:03.376,00:04:52.110,2023-04-02T14:25:11.254Z
090,Split #90,00:00:03.173,00:04:55.283,2023-04-02T14:25:14.427Z
091,Split #91,00:00:03.531,00:04:58.814,2023-04-02T14:25:17.958Z
092,Split #92,00:00:03.512,00:05:02.326,2023-04-02T14:25:21.470Z
093,Split #93,00:00:04.185,00:05:06.511,2023-04-02T14:25:25.655Z
094,Split #94,00:00:03.486,00:05:09.997,2023-04-02T14:25:29.141Z
095,Split #95,00:00:02.656,00:05:12.653,2023-04-02T14:25:31.797Z
096,Split #96,00:00:03.037,00:05:15.690,2023-04-02T14:25:34.834Z
097,Split #97,00:00:02.970,00:05:18.660,2023-04-02T14:25:37.804Z
098,Split #98,00:00:03.488,00:05:22.148,2023-04-02T14:25:41.292Z
099,Split #99,00:00:02.678,00:05:24.826,2023-04-02T14:25:43.970Z
100,Split #100,00:00:03.085,00:05:27.911,2023-04-02T14:25:47.055Z
101,Split #101,00:00:03.034,00:05:30.945,2023-04-02T14:25:50.089Z
102,Split #102,00:00:03.105,00:05:34.050,2023-04-02T14:25:53.194Z
103,Split #103,00:00:02.723,00:05:36.773,2023-04-02T14:25:55.917Z
104,Split #104,00:00:02.700,00:05:39.473,2023-04-02T14:25:58.617Z
105,Split #105,00:00:03.938,00:05:43.411,2023-04-02T14:26:02.555Z
106,Split #106,00:00:03.915,00:05:47.326,2023-04-02T14:26:06.470Z
107,Split #107,00:00:03.914,00:05:51.240,2023-04-02T14:26:10.384Z
108,Split #108,00:00:03.398,00:05:54.638,2023-04-02T14:26:13.782Z
109,Split #109,00:00:04.117,00:05:58.755,2023-04-02T14:26:17.899Z
110,Split #110,00:00:03.017,00:06:01.772,2023-04-02T14:26:20.916Z
111,Split #111,00:00:03.036,00:06:04.808,2023-04-02T14:26:23.952Z
112,Split #112,00:00:02.700,00:06:07.508,2023-04-02T14:26:26.652Z
113,Split #113,00:00:02.970,00:06:10.478,2023-04-02T14:26:29.622Z
114,Split #114,00:00:02.565,00:06:13.043,2023-04-02T14:26:32.187Z
115,Split #115,00:00:02.655,00:06:15.698,2023-04-02T14:26:34.842Z
116,Split #116,00:00:02.971,00:06:18.669,2023-04-02T14:26:37.813Z
117,Split #117,00:00:02.699,00:06:21.368,2023-04-02T14:26:40.512Z
118,Split #118,00:00:03.761,00:06:25.129,2023-04-02T14:26:44.273Z
119,Split #119,00:00:03.742,00:06:28.871,2023-04-02T14:26:48.015Z
120,Split #120,00:00:02.892,00:06:31.763,2023-04-02T14:26:50.907Z
121,Split #121,00:00:03.241,00:06:35.004,2023-04-02T14:26:54.148Z
122,Split #122,00:00:03.802,00:06:38.806,2023-04-02T14:26:57.950Z
123,Split #123,00:00:03.083,00:06:41.889,2023-04-02T14:27:01.033Z
124,Split #124,00:00:03.195,00:06:45.084,2023-04-02T14:27:04.228Z
125,Split #125,00:00:03.735,00:06:48.819,2023-04-02T14:27:07.963Z
126,Split #126,00:00:04.208,00:06:53.027,2023-04-02T14:27:12.171Z
127,Split #127,00:00:03.936,00:06:56.963,2023-04-02T14:27:16.107Z
128,Split #128,00:00:03.208,00:07:00.171,2023-04-02T14:27:19.315Z
129,Split #129,00:00:03.768,00:07:03.939,2023-04-02T14:27:23.083Z
130,Split #130,00:00:03.252,00:07:07.191,2023-04-02T14:27:26.335Z
131,Split #131,00:00:03.903,00:07:11.094,2023-04-02T14:27:30.238Z
132,Split #132,00:00:03.714,00:07:14.808,2023-04-02T14:27:33.952Z
133,Split #133,00:00:04.502,00:07:19.310,2023-04-02T14:27:38.454Z
134,Split #134,00:00:05.172,00:07:24.482,2023-04-02T14:27:43.626Z
135,Split #135,00:00:02.951,00:07:27.433,2023-04-02T14:27:46.577Z
136,Split #136,00:00:03.082,00:07:30.515,2023-04-02T14:27:49.659Z
137,Split #137,00:00:02.989,00:07:33.504,2023-04-02T14:27:52.648Z
138,Split #138,00:00:03.380,00:07:36.884,2023-04-02T14:27:56.028Z
139,Split #139,00:00:03.010,00:07:39.894,2023-04-02T14:27:59.038Z
140,Split #140,00:00:03.108,00:07:43.002,2023-04-02T14:28:02.146Z
141,Split #141,00:00:03.667,00:07:46.669,2023-04-02T14:28:05.813Z
142,Split #142,00:00:03.620,00:07:50.289,2023-04-02T14:28:09.433Z
143,Split #143,00:00:03.150,00:07:53.439,2023-04-02T14:28:12.583Z
144,Split #144,00:00:03.352,00:07:56.791,2023-04-02T14:28:15.935Z
145,Split #145,00:00:03.488,00:08:00.279,2023-04-02T14:28:19.423Z
146,Split #146,00:00:03.513,00:08:03.792,2023-04-02T14:28:22.936Z
147,Split #147,00:00:03.170,00:08:06.962,2023-04-02T14:28:26.106Z
148,Split #148,00:00:03.195,00:08:10.157,2023-04-02T14:28:29.301Z
149,Split #149,00:00:03.803,00:08:13.960,2023-04-02T14:28:33.104Z
150,Split #150,00:00:03.104,00:08:17.064,2023-04-02T14:28:36.208Z
151,Split #151,00:00:03.443,00:08:20.507,2023-04-02T14:28:39.651Z
152,Split #152,00:00:03.151,00:08:23.658,2023-04-02T14:28:42.802Z
153,Split #153,00:00:03.374,00:08:27.032,2023-04-02T14:28:46.176Z
154,Split #154,00:00:03.645,00:08:30.677,2023-04-02T14:28:49.821Z
155,Split #155,00:00:03.195,00:08:33.872,2023-04-02T14:28:53.016Z
156,Split #156,00:00:03.668,00:08:37.540,2023-04-02T14:28:56.684Z
157,Split #157,00:00:03.545,00:08:41.085,2023-04-02T14:29:00.229Z
158,Split #158,00:00:03.375,00:08:44.460,2023-04-02T14:29:03.604Z
159,Split #159,00:00:03.285,00:08:47.745,2023-04-02T14:29:06.889Z
160,Split #160,00:00:03.194,00:08:50.939,2023-04-02T14:29:10.083Z
161,Split #161,00:00:03.195,00:08:54.134,2023-04-02T14:29:13.278Z
162,Split #162,00:00:03.128,00:08:57.262,2023-04-02T14:29:16.406Z
163,Split #163,00:00:03.307,00:09:00.569,2023-04-02T14:29:19.713Z
164,Split #164,00:00:03.174,00:09:03.743,2023-04-02T14:29:22.887Z
165,Split #165,00:00:03.126,00:09:06.869,2023-04-02T14:29:26.013Z
166,Split #166,00:00:03.318,00:09:10.187,2023-04-02T14:29:29.331Z
167,Split #167,00:00:03.196,00:09:13.383,2023-04-02T14:29:32.527Z
168,Split #168,00:00:03.286,00:09:16.669,2023-04-02T14:29:35.813Z
169,Split #169,00:00:03.196,00:09:19.865,2023-04-02T14:29:39.009Z
170,Split #170,00:00:03.150,00:09:23.015,2023-04-02T14:29:42.159Z
171,Split #171,00:00:02.902,00:09:25.917,2023-04-02T14:29:45.061Z
172,Split #172,00:00:03.467,00:09:29.384,2023-04-02T14:29:48.528Z
173,Split #173,00:00:03.102,00:09:32.486,2023-04-02T14:29:51.630Z
174,Split #174,00:00:02.925,00:09:35.411,2023-04-02T14:29:54.555Z
175,Split #175,00:00:02.970,00:09:38.381,2023-04-02T14:29:57.525Z
176,Split #176,00:00:03.015,00:09:41.396,2023-04-02T14:30:00.540Z
177,Split #177,00:00:03.847,00:09:45.243,2023-04-02T14:30:04.387Z
178,Split #178,00:00:03.714,00:09:48.957,2023-04-02T14:30:08.101Z
179,Split #179,00:00:02.271,00:09:51.228,2023-04-02T14:30:10.372Z
180,Split #180,00:00:02.880,00:09:54.108,2023-04-02T14:30:13.252Z
181,Split #181,00:00:03.650,00:09:57.758,2023-04-02T14:30:16.902Z
182,Split #182,00:00:03.419,00:10:01.177,2023-04-02T14:30:20.321Z
183,Split #183,00:00:03.296,00:10:04.473,2023-04-02T14:30:23.617Z
184,Split #184,00:00:03.666,00:10:08.139,2023-04-02T14:30:27.283Z
185,Split #185,00:00:03.599,00:10:11.738,2023-04-02T14:30:30.882Z
186,Split #186,00:00:04.162,00:10:15.900,2023-04-02T14:30:35.044Z
187,Split #187,00:00:04.141,00:10:20.041,2023-04-02T14:30:39.185Z
188,Split #188,00:00:03.701,00:10:23.742,2023-04-02T14:30:42.886Z
189,Split #189,00:00:03.464,00:10:27.206,2023-04-02T14:30:46.350Z
190,Split #190,00:00:03.713,00:10:30.919,2023-04-02T14:30:50.063Z
191,Split #191,00:00:04.725,00:10:35.644,2023-04-02T14:30:54.788Z
192,Split #192,00:00:04.209,00:10:39.853,2023-04-02T14:30:58.997Z
193,Split #193,00:00:03.329,00:10:43.182,2023-04-02T14:31:02.326Z
194,Split #194,00:00:03.352,00:10:46.534,2023-04-02T14:31:05.678Z
195,Split #195,00:00:03.263,00:10:49.797,2023-04-02T14:31:08.941Z
196,Split #196,00:00:03.375,00:10:53.172,2023-04-02T14:31:12.316Z
197,Split #197,00:00:03.487,00:10:56.659,2023-04-02T14:31:15.803Z
198,Split #198,00:00:03.151,00:10:59.810,2023-04-02T14:31:18.954Z
199,Split #199,00:00:03.217,00:11:03.027,2023-04-02T14:31:22.171Z
200,Split #200,00:00:03.127,00:11:06.154,2023-04-02T14:31:25.298Z
201,Split #201,00:00:03.319,00:11:09.473,2023-04-02T14:31:28.617Z
202,Split #202,00:00:04.747,00:11:14.220,2023-04-02T14:31:33.364Z
203,Split #203,00:00:03.533,00:11:17.753,2023-04-02T14:31:36.897Z
204,Split #204,00:00:03.716,00:11:21.469,2023-04-02T14:31:40.613Z
205,Split #205,00:00:03.599,00:11:25.068,2023-04-02T14:31:44.212Z
206,Split #206,00:00:03.870,00:11:28.938,2023-04-02T14:31:48.082Z
207,Split #207,00:00:05.049,00:11:33.987,2023-04-02T14:31:53.131Z
208,Split #208,00:00:03.420,00:11:37.407,2023-04-02T14:31:56.551Z
209,Split #209,00:00:02.138,00:11:39.545,2023-04-02T14:31:58.689Z
210,Split #210,00:00:03.735,00:11:43.280,2023-04-02T14:32:02.424Z
211,Split #211,00:00:09.698,00:11:52.978,2023-04-02T14:32:12.122Z
212,Split #212,00:00:02.228,00:11:55.206,2023-04-02T14:32:14.350Z
213,Split #213,00:00:03.779,00:11:58.985,2023-04-02T14:32:18.129Z
214,Split #214,00:00:04.343,00:12:03.328,2023-04-02T14:32:22.472Z
215,Split #215,00:00:03.937,00:12:07.265,2023-04-02T14:32:26.409Z
216,Split #216,00:00:04.086,00:12:11.351,2023-04-02T14:32:30.495Z
217,Split #217,00:00:04.287,00:12:15.638,2023-04-02T14:32:34.782Z
218,Split #218,00:00:04.131,00:12:19.769,2023-04-02T14:32:38.913Z
219,Split #219,00:00:04.983,00:12:24.752,2023-04-02T14:32:43.896Z
220,Split #220,00:00:04.254,00:12:29.006,2023-04-02T14:32:48.150Z
221,Split #221,00:00:03.577,00:12:32.583,2023-04-02T14:32:51.727Z
222,Split #222,00:00:03.579,00:12:36.162,2023-04-02T14:32:55.306Z
223,Split #223,00:00:03.509,00:12:39.671,2023-04-02T14:32:58.815Z
224,Split #224,00:00:03.714,00:12:43.385,2023-04-02T14:33:02.529Z
225,Split #225,00:00:03.284,00:12:46.669,2023-04-02T14:33:05.813Z
226,Split #226,00:00:03.130,00:12:49.799,2023-04-02T14:33:08.943Z
227,Split #227,00:00:03.804,00:12:53.603,2023-04-02T14:33:12.747Z
228,Split #228,00:00:03.754,00:12:57.357,2023-04-02T14:33:16.501Z
229,Split #229,00:00:03.757,00:13:01.114,2023-04-02T14:33:20.258Z
230,Split #230,00:00:03.624,00:13:04.738,2023-04-02T14:33:23.882Z
231,Split #231,00:00:03.218,00:13:07.956,2023-04-02T14:33:27.100Z
232,Split #232,00:00:04.184,00:13:12.140,2023-04-02T14:33:31.284Z
233,Split #233,00:00:03.487,00:13:15.627,2023-04-02T14:33:34.771Z
234,Split #234,00:00:03.514,00:13:19.141,2023-04-02T14:33:38.285Z
235,Split #235,00:00:03.801,00:13:22.942,2023-04-02T14:33:42.086Z
236,Split #236,00:00:03.801,00:13:26.743,2023-04-02T14:33:45.887Z
237,Split #237,00:00:03.486,00:13:30.229,2023-04-02T14:33:49.373Z
238,Split #238,00:00:03.691,00:13:33.920,2023-04-02T14:33:53.064Z
239,Split #239,00:00:03.420,00:13:37.340,2023-04-02T14:33:56.484Z
240,Split #240,00:00:03.770,00:13:41.110,2023-04-02T14:34:00.254Z
241,Split #241,00:00:03.205,00:13:44.315,2023-04-02T14:34:03.459Z
242,Split #242,00:00:03.197,00:13:47.512,2023-04-02T14:34:06.656Z
243,Split #243,00:00:03.306,00:13:50.818,2023-04-02T14:34:09.962Z
244,Split #244,00:00:03.646,00:13:54.464,2023-04-02T14:34:13.608Z
245,Split #245,00:00:03.688,00:13:58.152,2023-04-02T14:34:17.296Z
246,Split #246,00:00:03.105,00:14:01.257,2023-04-02T14:34:20.401Z
247,Split #247,00:00:03.241,00:14:04.498,2023-04-02T14:34:23.642Z
248,Split #248,00:00:03.173,00:14:07.671,2023-04-02T14:34:26.815Z
249,Split #249,00:00:03.104,00:14:10.775,2023-04-02T14:34:29.919Z
250,Split #250,00:00:02.859,00:14:13.634,2023-04-02T14:34:32.778Z
251,Split #251,00:00:02.519,00:14:16.153,2023-04-02T14:34:35.297Z
252,Split #252,00:00:04.084,00:14:20.237,2023-04-02T14:34:39.381Z
253,Split #253,00:00:03.509,00:14:23.746,2023-04-02T14:34:42.890Z
254,Split #254,00:00:03.872,00:14:27.618,2023-04-02T14:34:46.762Z
255,Split #255,00:00:03.712,00:14:31.330,2023-04-02T14:34:50.474Z
256,Split #256,00:00:03.690,00:14:35.020,2023-04-02T14:34:54.164Z
257,Split #257,00:00:03.937,00:14:38.957,2023-04-02T14:34:58.101Z
258,Split #258,00:00:03.985,00:14:42.942,2023-04-02T14:35:02.086Z
259,Split #259,00:00:05.895,00:14:48.837,2023-04-02T14:35:07.981Z
260,Split #260,00:00:12.304,00:15:01.141,2023-04-02T14:35:20.285Z
261,Pause #1,---,---,2023-04-02T14:35:20.285Z