#,Label,Interval,Total,Time Recorded
000,Start #1,---,---,2023-03-29T12:41:21.079Z
001,Split #1,00:00:01.505,00:00:01.505,2023-03-29T12:41:22.584Z
002,Split #2,00:00:02.318,00:00:03.823,2023-03-29T12:41:24.902Z
003,Split #3,00:00:03.200,00:00:07.023,2023-03-29T12:41:28.102Z
004,Split #4,00:00:02.541,00:00:09.564,2023-03-29T12:41:30.643Z
005,Split #5,00:00:02.631,00:00:12.195,2023-03-29T12:41:33.274Z
006,Split #6,00:00:02.767,00:00:14.962,2023-03-29T12:41:36.041Z
007,Split #7,00:00:02.639,00:00:17.601,2023-03-29T12:41:38.680Z
008,Split #8,00:00:02.671,00:00:20.272,2023-03-29T12:41:41.351Z
009,Split #9,00:00:03.173,00:00:23.445,2023-03-29T12:41:44.524Z
010,Split #10,00:00:03.060,00:00:26.505,2023-03-29T12:41:47.584Z
011,Split #11,00:00:02.712,00:00:29.217,2023-03-29T12:41:50.296Z
012,Split #12,00:00:02.902,00:00:32.119,2023-03-29T12:41:53.198Z
013,Split #13,00:00:03.172,00:00:35.291,2023-03-29T12:41:56.370Z
014,Split #14,00:00:02.711,00:00:38.002,2023-03-29T12:41:59.081Z
015,Split #15,00:00:02.938,00:00:40.940,2023-03-29T12:42:02.019Z
016,Split #16,00:00:03.129,00:00:44.069,2023-03-29T12:42:05.148Z
017,Split #17,00:00:03.465,00:00:47.534,2023-03-29T12:42:08.613Z
018,Split #18,00:00:02.990,00:00:50.524,2023-03-29T12:42:11.603Z
019,Split #19,00:00:02.902,00:00:53.426,2023-03-29T12:42:14.505Z
020,Split #20,00:00:02.793,00:00:56.219,2023-03-29T12:42:17.298Z
021,Split #21,00:00:02.769,00:00:58.988,2023-03-29T12:42:20.067Z
022,Split #22,00:00:02.808,00:01:01.796,2023-03-29T12:42:22.875Z
023,Split #23,00:00:03.061,00:01:04.857,2023-03-29T12:42:25.936Z
024,Split #24,00:00:03.070,00:01:07.927,2023-03-29T12:42:29.006Z
025,Split #25,00:00:04.074,00:01:12.001,2023-03-29T12:42:33.080Z
026,Split #26,00:00:03.420,00:01:15.421,2023-03-29T12:42:36.500Z
027,Split #27,00:00:02.973,00:01:18.394,2023-03-29T12:42:39.473Z
028,Split #28,00:00:02.835,00:01:21.229,2023-03-29T12:42:42.308Z
029,Split #29,00:00:02.652,00:01:23.881,2023-03-29T12:42:44.960Z
030,Split #30,00:00:02.723,00:01:26.604,2023-03-29T12:42:47.683Z
031,Split #31,00:00:02.486,00:01:29.090,2023-03-29T12:42:50.169Z
032,Split #32,00:00:02.395,00:01:31.485,2023-03-29T12:42:52.564Z
033,Split #33,00:00:02.814,00:01:34.299,2023-03-29T12:42:55.378Z
034,Split #34,00:00:03.995,00:01:38.294,2023-03-29T12:42:59.373Z
035,Split #35,00:00:03.105,00:01:41.399,2023-03-29T12:43:02.478Z
036,Split #36,00:00:02.902,00:01:44.301,2023-03-29T12:43:05.380Z
037,Split #37,00:00:02.385,00:01:46.686,2023-03-29T12:43:07.765Z
038,Split #38,00:00:02.586,00:01:49.272,2023-03-29T12:43:10.351Z
039,Split #39,00:00:02.317,00:01:51.589,2023-03-29T12:43:12.668Z
040,Split #40,00:00:02.207,00:01:53.796,2023-03-29T12:43:14.875Z
041,Split #41,00:00:02.272,00:01:56.068,2023-03-29T12:43:17.147Z
042,Split #42,00:00:02.339,00:01:58.407,2023-03-29T12:43:19.486Z
043,Split #43,00:00:02.432,00:02:00.839,2023-03-29T12:43:21.918Z
044,Split #44,00:00:02.271,00:02:03.110,2023-03-29T12:43:24.189Z
045,Split #45,00:00:02.297,00:02:05.407,2023-03-29T12:43:26.486Z
046,Split #46,00:00:02.451,00:02:07.858,2023-03-29T12:43:28.937Z
047,Split #47,00:00:02.341,00:02:10.199,2023-03-29T12:43:31.278Z
048,Split #48,00:00:02.633,00:02:12.832,2023-03-29T12:43:33.911Z
049,Split #49,00:00:02.767,00:02:15.599,2023-03-29T12:43:36.678Z
050,Split #50,00:00:03.013,00:02:18.612,2023-03-29T12:43:39.691Z
051,Split #51,00:00:02.589,00:02:21.201,2023-03-29T12:43:42.280Z
052,Split #52,00:00:02.317,00:02:23.518,2023-03-29T12:43:44.597Z
053,Split #53,00:00:02.204,00:02:25.722,2023-03-29T12:43:46.801Z
054,Split #54,00:00:02.183,00:02:27.905,2023-03-29T12:43:48.984Z
055,Split #55,00:00:02.431,00:02:30.336,2023-03-29T12:43:51.415Z
056,Split #56,00:00:02.137,00:02:32.473,2023-03-29T12:43:53.552Z
057,Split #57,00:00:02.519,00:02:34.992,2023-03-29T12:43:56.071Z
058,Split #58,00:00:02.419,00:02:37.411,2023-03-29T12:43:58.490Z
059,Split #59,00:00:02.386,00:02:39.797,2023-03-29T12:44:00.876Z
060,Split #60,00:00:02.294,00:02:42.091,2023-03-29T12:44:03.170Z
061,Split #61,00:00:02.431,00:02:44.522,2023-03-29T12:44:05.601Z
062,Split #62,00:00:02.475,00:02:46.997,2023-03-29T12:44:08.076Z
063,Split #63,00:00:02.375,00:02:49.372,2023-03-29T12:44:10.451Z
064,Split #64,00:00:02.372,00:02:51.744,2023-03-29T12:44:12.823Z
065,Split #65,00:00:02.613,00:02:54.357,2023-03-29T12:44:15.436Z
066,Split #66,00:00:03.372,00:02:57.729,2023-03-29T12:44:18.808Z
067,Split #67,00:00:02.317,00:03:00.046,2023-03-29T12:44:21.125Z
068,Split #68,00:00:02.274,00:03:02.320,2023-03-29T12:44:23.399Z
069,Split #69,00:00:02.159,00:03:04.479,2023-03-29T12:44:25.558Z
070,Split #70,00:00:02.632,00:03:07.111,2023-03-29T12:44:28.190Z
071,Split #71,00:00:02.634,00:03:09.745,2023-03-29T12:44:30.824Z
072,Split #72,00:00:02.655,00:03:12.400,2023-03-29T12:44:33.479Z
073,Split #73,00:00:02.476,00:03:14.876,2023-03-29T12:44:35.955Z
074,Split #74,00:00:02.540,00:03:17.416,2023-03-29T12:44:38.495Z
075,Split #75,00:00:02.589,00:03:20.005,2023-03-29T12:44:41.084Z
076,Split #76,00:00:02.497,00:03:22.502,2023-03-29T12:44:43.581Z
077,Split #77,00:00:02.903,00:03:25.405,2023-03-29T12:44:46.484Z
078,Split #78,00:00:03.396,00:03:28.801,2023-03-29T12:44:49.880Z
079,Split #79,00:00:02.883,00:03:31.684,2023-03-29T12:44:52.763Z
080,Split #80,00:00:02.879,00:03:34.563,2023-03-29T12:44:55.642Z
081,Split #81,00:00:03.239,00:03:37.802,2023-03-29T12:44:58.881Z
082,Split #82,00:00:03.284,00:03:41.086,2023-03-29T12:45:02.165Z
083,Split #83,00:00:03.107,00:03:44.193,2023-03-29T12:45:05.272Z
084,Split #84,00:00:02.699,00:03:46.892,2023-03-29T12:45:07.971Z
085,Split #85,00:00:02.859,00:03:49.751,2023-03-29T12:45:10.830Z
086,Split #86,00:00:03.004,00:03:52.755,2023-03-29T12:45:13.834Z
087,Split #87,00:00:02.384,00:03:55.139,2023-03-29T12:45:16.218Z
088,Split #88,00:00:02.137,00:03:57.276,2023-03-29T12:45:18.355Z
089,Split #89,00:00:02.184,00:03:59.460,2023-03-29T12:45:20.539Z
090,Split #90,00:00:03.148,00:04:02.608,2023-03-29T12:45:23.687Z
091,Split #91,00:00:02.228,00:04:04.836,2023-03-29T12:45:25.915Z
092,Split #92,00:00:02.206,00:04:07.042,2023-03-29T12:45:28.121Z
093,Split #93,00:00:02.227,00:04:09.269,2023-03-29T12:45:30.348Z
094,Split #94,00:00:02.812,00:04:12.081,2023-03-29T12:45:33.160Z
095,Split #95,00:00:02.475,00:04:14.556,2023-03-29T12:45:35.635Z
096,Split #96,00:00:02.195,00:04:16.751,2023-03-29T12:45:37.830Z
097,Split #97,00:00:02.250,00:04:19.001,2023-03-29T12:45:40.080Z
098,Split #98,00:00:02.229,00:04:21.230,2023-03-29T12:45:42.309Z
099,Split #99,00:00:02.036,00:04:23.266,2023-03-29T12:45:44.345Z
100,Split #100,00:00:02.203,00:04:25.469,2023-03-29T12:45:46.548Z
101,Split #101,00:00:02.093,00:04:27.562,2023-03-29T12:45:48.641Z
102,Split #102,00:00:02.318,00:04:29.880,2023-03-29T12:45:50.959Z
103,Split #103,00:00:02.138,00:04:32.018,2023-03-29T12:45:53.097Z
104,Split #104,00:00:02.136,00:04:34.154,2023-03-29T12:45:55.233Z
105,Split #105,00:00:02.184,00:04:36.338,2023-03-29T12:45:57.417Z
106,Split #106,00:00:02.923,00:04:39.261,2023-03-29T12:46:00.340Z
107,Split #107,00:00:02.162,00:04:41.423,2023-03-29T12:46:02.502Z
108,Split #108,00:00:02.338,00:04:43.761,2023-03-29T12:46:04.840Z
109,Split #109,00:00:02.218,00:04:45.979,2023-03-29T12:46:07.058Z
110,Split #110,00:00:02.113,00:04:48.092,2023-03-29T12:46:09.171Z
111,Split #111,00:00:02.251,00:04:50.343,2023-03-29T12:46:11.422Z
112,Split #112,00:00:01.949,00:04:52.292,2023-03-29T12:46:13.371Z
113,Split #113,00:00:02.269,00:04:54.561,2023-03-29T12:46:15.640Z
114,Split #114,00:00:02.476,00:04:57.037,2023-03-29T12:46:18.116Z
115,Split #115,00:00:02.248,00:04:59.285,2023-03-29T12:46:20.364Z
116,Split #116,00:00:02.193,00:05:01.478,2023-03-29T12:46:22.557Z
117,Split #117,00:00:02.182,00:05:03.660,2023-03-29T12:46:24.739Z
118,Split #118,00:00:02.678,00:05:06.338,2023-03-29T12:46:27.417Z
119,Split #119,00:00:02.360,00:05:08.698,2023-03-29T12:46:29.777Z
120,Split #120,00:00:02.430,00:05:11.128,2023-03-29T12:46:32.207Z
121,Split #121,00:00:03.131,00:05:14.259,2023-03-29T12:46:35.338Z
122,Split #122,00:00:03.484,00:05:17.743,2023-03-29T12:46:38.822Z
123,Split #123,00:00:02.700,00:05:20.443,2023-03-29T12:46:41.522Z
124,Split #124,00:00:02.229,00:05:22.672,2023-03-29T12:46:43.751Z
125,Split #125,00:00:02.472,00:05:25.144,2023-03-29T12:46:46.223Z
126,Split #126,00:00:02.296,00:05:27.440,2023-03-29T12:46:48.519Z
127,Split #127,00:00:04.005,00:05:31.445,2023-03-29T12:46:52.524Z
128,Split #128,00:00:02.047,00:05:33.492,2023-03-29T12:46:54.571Z
129,Split #129,00:00:02.542,00:05:36.034,2023-03-29T12:46:57.113Z
130,Split #130,00:00:03.059,00:05:39.093,2023-03-29T12:47:00.172Z
131,Split #131,00:00:03.421,00:05:42.514,2023-03-29T12:47:03.593Z
132,Split #132,00:00:03.127,00:05:45.641,2023-03-29T12:47:06.720Z
133,Split #133,00:00:03.803,00:05:49.444,2023-03-29T12:47:10.523Z
134,Split #134,00:00:06.232,00:05:55.676,2023-03-29T12:47:16.755Z
135,Split #135,00:00:06.301,00:06:01.977,2023-03-29T12:47:23.056Z
136,Split #136,00:00:03.722,00:06:05.699,2023-03-29T12:47:26.778Z
137,Split #137,00:00:03.308,00:06:09.007,2023-03-29T12:47:30.086Z
138,Split #138,00:00:02.903,00:06:11.910,2023-03-29T12:47:32.989Z
139,Split #139,00:00:03.084,00:06:14.994,2023-03-29T12:47:36.073Z
140,Split #140,00:00:02.990,00:06:17.984,2023-03-29T12:47:39.063Z
141,Split #141,00:00:02.794,00:06:20.778,2023-03-29T12:47:41.857Z
142,Split #142,00:00:03.250,00:06:24.028,2023-03-29T12:47:45.107Z
143,Split #143,00:00:02.720,00:06:26.748,2023-03-29T12:47:47.827Z
144,Split #144,00:00:02.791,00:06:29.539,2023-03-29T12:47:50.618Z
145,Split #145,00:00:02.925,00:06:32.464,2023-03-29T12:47:53.543Z
146,Split #146,00:00:03.036,00:06:35.500,2023-03-29T12:47:56.579Z
147,Split #147,00:00:03.064,00:06:38.564,2023-03-29T12:47:59.643Z
148,Split #148,00:00:03.260,00:06:41.824,2023-03-29T12:48:02.903Z
149,Split #149,00:00:03.377,00:06:45.201,2023-03-29T12:48:06.280Z
150,Split #150,00:00:03.533,00:06:48.734,2023-03-29T12:48:09.813Z
151,Split #151,00:00:03.351,00:06:52.085,2023-03-29T12:48:13.164Z
152,Split #152,00:00:02.855,00:06:54.940,2023-03-29T12:48:16.019Z
153,Split #153,00:00:02.341,00:06:57.281,2023-03-29T12:48:18.360Z
154,Split #154,00:00:02.475,00:06:59.756,2023-03-29T12:48:20.835Z
155,Split #155,00:00:02.655,00:07:02.411,2023-03-29T12:48:23.490Z
156,Split #156,00:00:02.545,00:07:04.956,2023-03-29T12:48:26.035Z
157,Split #157,00:00:02.284,00:07:07.240,2023-03-29T12:48:28.319Z
158,Split #158,00:00:02.249,00:07:09.489,2023-03-29T12:48:30.568Z
159,Split #159,00:00:02.296,00:07:11.785,2023-03-29T12:48:32.864Z
160,Split #160,00:00:02.495,00:07:14.280,2023-03-29T12:48:35.359Z
161,Split #161,00:00:02.631,00:07:16.911,2023-03-29T12:48:37.990Z
162,Split #162,00:00:02.410,00:07:19.321,2023-03-29T12:48:40.400Z
163,Split #163,00:00:02.521,00:07:21.842,2023-03-29T12:48:42.921Z
164,Split #164,00:00:02.385,00:07:24.227,2023-03-29T12:48:45.306Z
165,Split #165,00:00:02.337,00:07:26.564,2023-03-29T12:48:47.643Z
166,Split #166,00:00:02.409,00:07:28.973,2023-03-29T12:48:50.052Z
167,Split #167,00:00:02.317,00:07:31.290,2023-03-29T12:48:52.369Z
168,Split #168,00:00:02.295,00:07:33.585,2023-03-29T12:48:54.664Z
169,Split #169,00:00:02.296,00:07:35.881,2023-03-29T12:48:56.960Z
170,Split #170,00:00:02.564,00:07:38.445,2023-03-29T12:48:59.524Z
171,Split #171,00:00:02.612,00:07:41.057,2023-03-29T12:49:02.136Z
172,Split #172,00:00:02.855,00:07:43.912,2023-03-29T12:49:04.991Z
173,Split #173,00:00:02.521,00:07:46.433,2023-03-29T12:49:07.512Z
174,Split #174,00:00:02.678,00:07:49.111,2023-03-29T12:49:10.190Z
175,Split #175,00:00:02.723,00:07:51.834,2023-03-29T12:49:12.913Z
176,Split #176,00:00:02.698,00:07:54.532,2023-03-29T12:49:15.611Z
177,Split #177,00:00:02.860,00:07:57.392,2023-03-29T12:49:18.471Z
178,Split #178,00:00:01.845,00:07:59.237,2023-03-29T12:49:20.316Z
179,Split #179,00:00:01.527,00:08:00.764,2023-03-29T12:49:21.843Z
180,Split #180,00:00:05.333,00:08:06.097,2023-03-29T12:49:27.176Z
181,Split #181,00:00:04.211,00:08:10.308,2023-03-29T12:49:31.387Z
182,Split #182,00:00:03.506,00:08:13.814,2023-03-29T12:49:34.893Z
183,Split #183,00:00:03.828,00:08:17.642,2023-03-29T12:49:38.721Z
184,Split #184,00:00:03.440,00:08:21.082,2023-03-29T12:49:42.161Z
185,Split #185,00:00:03.174,00:08:24.256,2023-03-29T12:49:45.335Z
186,Split #186,00:00:03.420,00:08:27.676,2023-03-29T12:49:48.755Z
187,Split #187,00:00:03.625,00:08:31.301,2023-03-29T12:49:52.380Z
188,Split #188,00:00:03.304,00:08:34.605,2023-03-29T12:49:55.684Z
189,Split #189,00:00:03.014,00:08:37.619,2023-03-29T12:49:58.698Z
190,Split #190,00:00:02.633,00:08:40.252,2023-03-29T12:50:01.331Z
191,Split #191,00:00:02.835,00:08:43.087,2023-03-29T12:50:04.166Z
192,Split #192,00:00:02.240,00:08:45.327,2023-03-29T12:50:06.406Z
193,Split #193,00:00:02.598,00:08:47.925,2023-03-29T12:50:09.004Z
194,Split #194,00:00:02.565,00:08:50.490,2023-03-29T12:50:11.569Z
195,Split #195,00:00:02.681,00:08:53.171,2023-03-29T12:50:14.250Z
196,Split #196,00:00:02.967,00:08:56.138,2023-03-29T12:50:17.217Z
197,Split #197,00:00:03.036,00:08:59.174,2023-03-29T12:50:20.253Z
198,Split #198,00:00:02.681,00:09:01.855,2023-03-29T12:50:22.934Z
199,Split #199,00:00:02.990,00:09:04.845,2023-03-29T12:50:25.924Z
200,Split #200,00:00:02.792,00:09:07.637,2023-03-29T12:50:28.716Z
201,Split #201,00:00:03.622,00:09:11.259,2023-03-29T12:50:32.338Z
202,Split #202,00:00:04.499,00:09:15.758,2023-03-29T12:50:36.837Z
203,Split #203,00:00:04.343,00:09:20.101,2023-03-29T12:50:41.180Z
204,Split #204,00:00:03.354,00:09:23.455,2023-03-29T12:50:44.534Z
205,Split #205,00:00:01.842,00:09:25.297,2023-03-29T12:50:46.376Z
206,Split #206,00:00:02.633,00:09:27.930,2023-03-29T12:50:49.009Z
207,Split #207,00:00:02.633,00:09:30.563,2023-03-29T12:50:51.642Z
208,Split #208,00:00:02.250,00:09:32.813,2023-03-29T12:50:53.892Z
209,Split #209,00:00:02.396,00:09:35.209,2023-03-29T12:50:56.288Z
210,Split #210,00:00:03.083,00:09:38.292,2023-03-29T12:50:59.371Z
211,Split #211,00:00:04.926,00:09:43.218,2023-03-29T12:51:04.297Z
212,Split #212,00:00:07.787,00:09:51.005,2023-03-29T12:51:12.084Z
213,Split #213,00:00:03.466,00:09:54.471,2023-03-29T12:51:15.550Z
214,Split #214,00:00:03.533,00:09:58.004,2023-03-29T12:51:19.083Z
215,Split #215,00:00:03.216,00:10:01.220,2023-03-29T12:51:22.299Z
216,Split #216,00:00:03.577,00:10:04.797,2023-03-29T12:51:25.876Z
217,Split #217,00:00:02.813,00:10:07.610,2023-03-29T12:51:28.689Z
218,Split #218,00:00:03.218,00:10:10.828,2023-03-29T12:51:31.907Z
219,Split #219,00:00:04.229,00:10:15.057,2023-03-29T12:51:36.136Z
220,Split #220,00:00:03.194,00:10:18.251,2023-03-29T12:51:39.330Z
221,Split #221,00:00:02.479,00:10:20.730,2023-03-29T12:51:41.809Z
222,Split #222,00:00:02.426,00:10:23.156,2023-03-29T12:51:44.235Z
223,Split #223,00:00:02.387,00:10:25.543,2023-03-29T12:51:46.622Z
224,Split #224,00:00:02.339,00:10:27.882,2023-03-29T12:51:48.961Z
225,Split #225,00:00:02.362,00:10:30.244,2023-03-29T12:51:51.323Z
226,Split #226,00:00:02.407,00:10:32.651,2023-03-29T12:51:53.730Z
227,Split #227,00:00:02.499,00:10:35.150,2023-03-29T12:51:56.229Z
228,Split #228,00:00:02.567,00:10:37.717,2023-03-29T12:51:58.796Z
229,Split #229,00:00:02.472,00:10:40.189,2023-03-29T12:52:01.268Z
230,Split #230,00:00:02.700,00:10:42.889,2023-03-29T12:52:03.968Z
231,Split #231,00:00:02.444,00:10:45.333,2023-03-29T12:52:06.412Z
232,Split #232,00:00:03.328,00:10:48.661,2023-03-29T12:52:09.740Z
233,Split #233,00:00:02.545,00:10:51.206,2023-03-29T12:52:12.285Z
234,Split #234,00:00:02.498,00:10:53.704,2023-03-29T12:52:14.783Z
235,Split #235,00:00:02.437,00:10:56.141,2023-03-29T12:52:17.220Z
236,Split #236,00:00:02.500,00:10:58.641,2023-03-29T12:52:19.720Z
237,Split #237,00:00:02.429,00:11:01.070,2023-03-29T12:52:22.149Z
238,Split #238,00:00:02.454,00:11:03.524,2023-03-29T12:52:24.603Z
239,Split #239,00:00:02.384,00:11:05.908,2023-03-29T12:52:26.987Z
240,Split #240,00:00:02.318,00:11:08.226,2023-03-29T12:52:29.305Z
241,Split #241,00:00:02.338,00:11:10.564,2023-03-29T12:52:31.643Z
242,Split #242,00:00:02.297,00:11:12.861,2023-03-29T12:52:33.940Z
243,Split #243,00:00:02.339,00:11:15.200,2023-03-29T12:52:36.279Z
244,Split #244,00:00:02.407,00:11:17.607,2023-03-29T12:52:38.686Z
245,Split #245,00:00:01.734,00:11:19.341,2023-03-29T12:52:40.420Z
246,Split #246,00:00:01.733,00:11:21.074,2023-03-29T12:52:42.153Z
247,Split #247,00:00:01.752,00:11:22.826,2023-03-29T12:52:43.905Z
248,Split #248,00:00:01.689,00:11:24.515,2023-03-29T12:52:45.594Z
249,Split #249,00:00:02.316,00:11:26.831,2023-03-29T12:52:47.910Z
250,Split #250,00:00:02.431,00:11:29.262,2023-03-29T12:52:50.341Z
251,Split #251,00:00:04.117,00:11:33.379,2023-03-29T12:52:54.458Z
252,Split #252,00:00:03.848,00:11:37.227,2023-03-29T12:52:58.306Z
253,Split #253,00:00:03.949,00:11:41.176,2023-03-29T12:53:02.255Z
254,Split #254,00:00:03.104,00:11:44.280,2023-03-29T12:53:05.359Z
255,Split #255,00:00:03.265,00:11:47.545,2023-03-29T12:53:08.624Z
256,Split #256,00:00:03.801,00:11:51.346,2023-03-29T12:53:12.425Z
257,Split #257,00:00:03.937,00:11:55.283,2023-03-29T12:53:16.362Z
258,Split #258,00:00:01.732,00:11:57.015,2023-03-29T12:53:18.094Z
259,Split #259,00:00:04.996,00:12:02.011,2023-03-29T12:53:23.090Z
260,Split #260,00:00:13.590,00:12:15.601,2023-03-29T12:53:36.680Z
261,Split #261,00:00:08.756,00:12:24.357,2023-03-29T12:53:45.436Z
262,Pause #1,---,---,2023-03-29T12:53:45.436Z