#,Label,Interval,Total,Time Recorded
000,Start #1,---,---,2023-03-19T21:06:14.305Z
001,Split #1,00:00:02.809,00:00:02.809,2023-03-19T21:06:17.114Z
002,Split #2,00:00:02.947,00:00:05.756,2023-03-19T21:06:20.061Z
003,Split #3,00:00:02.790,00:00:08.546,2023-03-19T21:06:22.851Z
004,Split #4,00:00:02.844,00:00:11.390,2023-03-19T21:06:25.695Z
005,Split #5,00:00:02.587,00:00:13.977,2023-03-19T21:06:28.282Z
006,Split #6,00:00:02.811,00:00:16.788,2023-03-19T21:06:31.093Z
007,Split #7,00:00:02.869,00:00:19.657,2023-03-19T21:06:33.962Z
008,Split #8,00:00:03.004,00:00:22.661,2023-03-19T21:06:36.966Z
009,Split #9,00:00:02.792,00:00:25.453,2023-03-19T21:06:39.758Z
010,Split #10,00:00:03.013,00:00:28.466,2023-03-19T21:06:42.771Z
011,Split #11,00:00:02.879,00:00:31.345,2023-03-19T21:06:45.650Z
012,Split #12,00:00:02.857,00:00:34.202,2023-03-19T21:06:48.507Z
013,Split #13,00:00:03.059,00:00:37.261,2023-03-19T21:06:51.566Z
014,Split #14,00:00:02.995,00:00:40.256,2023-03-19T21:06:54.561Z
015,Split #15,00:00:02.990,00:00:43.246,2023-03-19T21:06:57.551Z
016,Split #16,00:00:03.150,00:00:46.396,2023-03-19T21:07:00.701Z
017,Split #17,00:00:03.352,00:00:49.748,2023-03-19T21:07:04.053Z
018,Split #18,00:00:03.095,00:00:52.843,2023-03-19T21:07:07.148Z
019,Split #19,00:00:03.036,00:00:55.879,2023-03-19T21:07:10.184Z
020,Split #20,00:00:02.971,00:00:58.850,2023-03-19T21:07:13.155Z
021,Split #21,00:00:03.037,00:01:01.887,2023-03-19T21:07:16.192Z
022,Split #22,00:00:03.141,00:01:05.028,2023-03-19T21:07:19.333Z
023,Split #23,00:00:03.125,00:01:08.153,2023-03-19T21:07:22.458Z
024,Split #24,00:00:03.735,00:01:11.888,2023-03-19T21:07:26.193Z
025,Split #25,00:00:03.195,00:01:15.083,2023-03-19T21:07:29.388Z
026,Split #26,00:00:02.891,00:01:17.974,2023-03-19T21:07:32.279Z
027,Split #27,00:00:02.970,00:01:20.944,2023-03-19T21:07:35.249Z
028,Split #28,00:00:02.914,00:01:23.858,2023-03-19T21:07:38.163Z
029,Split #29,00:00:02.778,00:01:26.636,2023-03-19T21:07:40.941Z
030,Split #30,00:00:02.700,00:01:29.336,2023-03-19T21:07:43.641Z
031,Split #31,00:00:02.723,00:01:32.059,2023-03-19T21:07:46.364Z
032,Split #32,00:00:02.947,00:01:35.006,2023-03-19T21:07:49.311Z
033,Split #33,00:00:03.104,00:01:38.110,2023-03-19T21:07:52.415Z
034,Split #34,00:00:02.948,00:01:41.058,2023-03-19T21:07:55.363Z
035,Split #35,00:00:02.881,00:01:43.939,2023-03-19T21:07:58.244Z
036,Split #36,00:00:02.881,00:01:46.820,2023-03-19T21:08:01.125Z
037,Split #37,00:00:02.767,00:01:49.587,2023-03-19T21:08:03.892Z
038,Split #38,00:00:02.701,00:01:52.288,2023-03-19T21:08:06.593Z
039,Split #39,00:00:02.697,00:01:54.985,2023-03-19T21:08:09.290Z
040,Split #40,00:00:02.759,00:01:57.744,2023-03-19T21:08:12.049Z
041,Split #41,00:00:02.710,00:02:00.454,2023-03-19T21:08:14.759Z
042,Split #42,00:00:02.880,00:02:03.334,2023-03-19T21:08:17.639Z
043,Split #43,00:00:02.621,00:02:05.955,2023-03-19T21:08:20.260Z
044,Split #44,00:00:02.859,00:02:08.814,2023-03-19T21:08:23.119Z
045,Split #45,00:00:02.948,00:02:11.762,2023-03-19T21:08:26.067Z
046,Split #46,00:00:02.766,00:02:14.528,2023-03-19T21:08:28.833Z
047,Split #47,00:00:02.700,00:02:17.228,2023-03-19T21:08:31.533Z
048,Split #48,00:00:02.756,00:02:19.984,2023-03-19T21:08:34.289Z
049,Split #49,00:00:02.992,00:02:22.976,2023-03-19T21:08:37.281Z
050,Split #50,00:00:02.834,00:02:25.810,2023-03-19T21:08:40.115Z
051,Split #51,00:00:02.769,00:02:28.579,2023-03-19T21:08:42.884Z
052,Split #52,00:00:02.791,00:02:31.370,2023-03-19T21:08:45.675Z
053,Split #53,00:00:02.811,00:02:34.181,2023-03-19T21:08:48.486Z
054,Split #54,00:00:02.734,00:02:36.915,2023-03-19T21:08:51.220Z
055,Split #55,00:00:02.767,00:02:39.682,2023-03-19T21:08:53.987Z
056,Split #56,00:00:02.633,00:02:42.315,2023-03-19T21:08:56.620Z
057,Split #57,00:00:02.801,00:02:45.116,2023-03-19T21:08:59.421Z
058,Split #58,00:00:02.767,00:02:47.883,2023-03-19T21:09:02.188Z
059,Split #59,00:00:02.724,00:02:50.607,2023-03-19T21:09:04.912Z
060,Split #60,00:00:02.701,00:02:53.308,2023-03-19T21:09:07.613Z
061,Split #61,00:00:02.720,00:02:56.028,2023-03-19T21:09:10.333Z
062,Split #62,00:00:02.565,00:02:58.593,2023-03-19T21:09:12.898Z
063,Split #63,00:00:02.610,00:03:01.203,2023-03-19T21:09:15.508Z
064,Split #64,00:00:02.677,00:03:03.880,2023-03-19T21:09:18.185Z
065,Split #65,00:00:02.791,00:03:06.671,2023-03-19T21:09:20.976Z
066,Split #66,00:00:02.496,00:03:09.167,2023-03-19T21:09:23.472Z
067,Split #67,00:00:02.521,00:03:11.688,2023-03-19T21:09:25.993Z
068,Split #68,00:00:02.588,00:03:14.276,2023-03-19T21:09:28.581Z
069,Split #69,00:00:02.677,00:03:16.953,2023-03-19T21:09:31.258Z
070,Split #70,00:00:02.588,00:03:19.541,2023-03-19T21:09:33.846Z
071,Split #71,00:00:02.767,00:03:22.308,2023-03-19T21:09:36.613Z
072,Split #72,00:00:02.487,00:03:24.795,2023-03-19T21:09:39.100Z
073,Split #73,00:00:02.474,00:03:27.269,2023-03-19T21:09:41.574Z
074,Split #74,00:00:02.655,00:03:29.924,2023-03-19T21:09:44.229Z
075,Split #75,00:00:02.679,00:03:32.603,2023-03-19T21:09:46.908Z
076,Split #76,00:00:02.608,00:03:35.211,2023-03-19T21:09:49.516Z
077,Split #77,00:00:02.927,00:03:38.138,2023-03-19T21:09:52.443Z
078,Split #78,00:00:02.924,00:03:41.062,2023-03-19T21:09:55.367Z
079,Split #79,00:00:02.846,00:03:43.908,2023-03-19T21:09:58.213Z
080,Split #80,00:00:02.950,00:03:46.858,2023-03-19T21:10:01.163Z
081,Split #81,00:00:03.372,00:03:50.230,2023-03-19T21:10:04.535Z
082,Split #82,00:00:03.095,00:03:53.325,2023-03-19T21:10:07.630Z
083,Split #83,00:00:02.836,00:03:56.161,2023-03-19T21:10:10.466Z
084,Split #84,00:00:03.451,00:03:59.612,2023-03-19T21:10:13.917Z
085,Split #85,00:00:02.858,00:04:02.470,2023-03-19T21:10:16.775Z
086,Split #86,00:00:02.869,00:04:05.339,2023-03-19T21:10:19.644Z
087,Split #87,00:00:02.723,00:04:08.062,2023-03-19T21:10:22.367Z
088,Split #88,00:00:02.721,00:04:10.783,2023-03-19T21:10:25.088Z
089,Split #89,00:00:02.859,00:04:13.642,2023-03-19T21:10:27.947Z
090,Split #90,00:00:02.792,00:04:16.434,2023-03-19T21:10:30.739Z
091,Split #91,00:00:02.855,00:04:19.289,2023-03-19T21:10:33.594Z
092,Split #92,00:00:02.802,00:04:22.091,2023-03-19T21:10:36.396Z
093,Split #93,00:00:02.699,00:04:24.790,2023-03-19T21:10:39.095Z
094,Split #94,00:00:02.680,00:04:27.470,2023-03-19T21:10:41.775Z
095,Split #95,00:00:02.743,00:04:30.213,2023-03-19T21:10:44.518Z
096,Split #96,00:00:02.590,00:04:32.803,2023-03-19T21:10:47.108Z
097,Split #97,00:00:02.742,00:04:35.545,2023-03-19T21:10:49.850Z
098,Split #98,00:00:02.725,00:04:38.270,2023-03-19T21:10:52.575Z
099,Split #99,00:00:02.787,00:04:41.057,2023-03-19T21:10:55.362Z
100,Split #100,00:00:02.936,00:04:43.993,2023-03-19T21:10:58.298Z
101,Split #101,00:00:02.713,00:04:46.706,2023-03-19T21:11:01.011Z
102,Split #102,00:00:02.675,00:04:49.381,2023-03-19T21:11:03.686Z
103,Split #103,00:00:02.780,00:04:52.161,2023-03-19T21:11:06.466Z
104,Split #104,00:00:02.892,00:04:55.053,2023-03-19T21:11:09.358Z
105,Split #105,00:00:02.823,00:04:57.876,2023-03-19T21:11:12.181Z
106,Split #106,00:00:02.756,00:05:00.632,2023-03-19T21:11:14.937Z
107,Split #107,00:00:02.800,00:05:03.432,2023-03-19T21:11:17.737Z
108,Split #108,00:00:02.926,00:05:06.358,2023-03-19T21:11:20.663Z
109,Split #109,00:00:02.701,00:05:09.059,2023-03-19T21:11:23.364Z
110,Split #110,00:00:03.038,00:05:12.097,2023-03-19T21:11:26.402Z
111,Split #111,00:00:02.991,00:05:15.088,2023-03-19T21:11:29.393Z
112,Split #112,00:00:02.970,00:05:18.058,2023-03-19T21:11:32.363Z
113,Split #113,00:00:03.262,00:05:21.320,2023-03-19T21:11:35.625Z
114,Split #114,00:00:03.005,00:05:24.325,2023-03-19T21:11:38.630Z
115,Split #115,00:00:03.061,00:05:27.386,2023-03-19T21:11:41.691Z
116,Split #116,00:00:03.126,00:05:30.512,2023-03-19T21:11:44.817Z
117,Split #117,00:00:03.532,00:05:34.044,2023-03-19T21:11:48.349Z
118,Split #118,00:00:03.210,00:05:37.254,2023-03-19T21:11:51.559Z
119,Split #119,00:00:02.944,00:05:40.198,2023-03-19T21:11:54.503Z
120,Split #120,00:00:03.691,00:05:43.889,2023-03-19T21:11:58.194Z
121,Split #121,00:00:03.185,00:05:47.074,2023-03-19T21:12:01.379Z
122,Split #122,00:00:03.047,00:05:50.121,2023-03-19T21:12:04.426Z
123,Split #123,00:00:02.971,00:05:53.092,2023-03-19T21:12:07.397Z
124,Split #124,00:00:02.227,00:05:55.319,2023-03-19T21:12:09.624Z
125,Split #125,00:00:01.441,00:05:56.760,2023-03-19T21:12:11.065Z
126,Split #126,00:00:02.801,00:05:59.561,2023-03-19T21:12:13.866Z
127,Split #127,00:00:02.969,00:06:02.530,2023-03-19T21:12:16.835Z
128,Split #128,00:00:03.205,00:06:05.735,2023-03-19T21:12:20.040Z
129,Split #129,00:00:03.668,00:06:09.403,2023-03-19T21:12:23.708Z
130,Split #130,00:00:03.105,00:06:12.508,2023-03-19T21:12:26.813Z
131,Split #131,00:00:02.879,00:06:15.387,2023-03-19T21:12:29.692Z
132,Split #132,00:00:02.996,00:06:18.383,2023-03-19T21:12:32.688Z
133,Split #133,00:00:03.169,00:06:21.552,2023-03-19T21:12:35.857Z
134,Split #134,00:00:05.401,00:06:26.953,2023-03-19T21:12:41.258Z
135,Split #135,00:00:02.902,00:06:29.855,2023-03-19T21:12:44.160Z
136,Split #136,00:00:02.835,00:06:32.690,2023-03-19T21:12:46.995Z
137,Split #137,00:00:03.061,00:06:35.751,2023-03-19T21:12:50.056Z
138,Split #138,00:00:03.058,00:06:38.809,2023-03-19T21:12:53.114Z
139,Split #139,00:00:02.960,00:06:41.769,2023-03-19T21:12:56.074Z
140,Split #140,00:00:02.768,00:06:44.537,2023-03-19T21:12:58.842Z
141,Split #141,00:00:03.116,00:06:47.653,2023-03-19T21:13:01.958Z
142,Split #142,00:00:02.947,00:06:50.600,2023-03-19T21:13:04.905Z
143,Split #143,00:00:02.812,00:06:53.412,2023-03-19T21:13:07.717Z
144,Split #144,00:00:02.950,00:06:56.362,2023-03-19T21:13:10.667Z
145,Split #145,00:00:02.701,00:06:59.063,2023-03-19T21:13:13.368Z
146,Split #146,00:00:03.125,00:07:02.188,2023-03-19T21:13:16.493Z
147,Split #147,00:00:02.610,00:07:04.798,2023-03-19T21:13:19.103Z
148,Split #148,00:00:02.813,00:07:07.611,2023-03-19T21:13:21.916Z
149,Split #149,00:00:02.870,00:07:10.481,2023-03-19T21:13:24.786Z
150,Split #150,00:00:03.126,00:07:13.607,2023-03-19T21:13:27.912Z
151,Split #151,00:00:03.241,00:07:16.848,2023-03-19T21:13:31.153Z
152,Split #152,00:00:02.878,00:07:19.726,2023-03-19T21:13:34.031Z
153,Split #153,00:00:02.812,00:07:22.538,2023-03-19T21:13:36.843Z
154,Split #154,00:00:02.453,00:07:24.991,2023-03-19T21:13:39.296Z
155,Split #155,00:00:02.578,00:07:27.569,2023-03-19T21:13:41.874Z
156,Split #156,00:00:02.744,00:07:30.313,2023-03-19T21:13:44.618Z
157,Split #157,00:00:02.428,00:07:32.741,2023-03-19T21:13:47.046Z
158,Split #158,00:00:02.588,00:07:35.329,2023-03-19T21:13:49.634Z
159,Split #159,00:00:02.543,00:07:37.872,2023-03-19T21:13:52.177Z
160,Split #160,00:00:02.476,00:07:40.348,2023-03-19T21:13:54.653Z
161,Split #161,00:00:02.519,00:07:42.867,2023-03-19T21:13:57.172Z
162,Split #162,00:00:02.531,00:07:45.398,2023-03-19T21:13:59.703Z
163,Split #163,00:00:02.430,00:07:47.828,2023-03-19T21:14:02.133Z
164,Split #164,00:00:02.499,00:07:50.327,2023-03-19T21:14:04.632Z
165,Split #165,00:00:02.498,00:07:52.825,2023-03-19T21:14:07.130Z
166,Split #166,00:00:02.472,00:07:55.297,2023-03-19T21:14:09.602Z
167,Split #167,00:00:02.465,00:07:57.762,2023-03-19T21:14:12.067Z
168,Split #168,00:00:02.520,00:08:00.282,2023-03-19T21:14:14.587Z
169,Split #169,00:00:02.498,00:08:02.780,2023-03-19T21:14:17.085Z
170,Split #170,00:00:02.541,00:08:05.321,2023-03-19T21:14:19.626Z
171,Split #171,00:00:02.525,00:08:07.846,2023-03-19T21:14:22.151Z
172,Split #172,00:00:02.654,00:08:10.500,2023-03-19T21:14:24.805Z
173,Split #173,00:00:02.743,00:08:13.243,2023-03-19T21:14:27.548Z
174,Split #174,00:00:02.758,00:08:16.001,2023-03-19T21:14:30.306Z
175,Split #175,00:00:02.776,00:08:18.777,2023-03-19T21:14:33.082Z
176,Split #176,00:00:02.801,00:08:21.578,2023-03-19T21:14:35.883Z
177,Split #177,00:00:03.262,00:08:24.840,2023-03-19T21:14:39.145Z
178,Split #178,00:00:03.131,00:08:27.971,2023-03-19T21:14:42.276Z
179,Split #179,00:00:02.709,00:08:30.680,2023-03-19T21:14:44.985Z
180,Split #180,00:00:02.767,00:08:33.447,2023-03-19T21:14:47.752Z
181,Split #181,00:00:02.960,00:08:36.407,2023-03-19T21:14:50.712Z
182,Split #182,00:00:03.150,00:08:39.557,2023-03-19T21:14:53.862Z
183,Split #183,00:00:02.744,00:08:42.301,2023-03-19T21:14:56.606Z
184,Split #184,00:00:02.825,00:08:45.126,2023-03-19T21:14:59.431Z
185,Split #185,00:00:02.992,00:08:48.118,2023-03-19T21:15:02.423Z
186,Split #186,00:00:02.926,00:08:51.044,2023-03-19T21:15:05.349Z
187,Split #187,00:00:02.743,00:08:53.787,2023-03-19T21:15:08.092Z
188,Split #188,00:00:02.791,00:08:56.578,2023-03-19T21:15:10.883Z
189,Split #189,00:00:03.036,00:08:59.614,2023-03-19T21:15:13.919Z
190,Split #190,00:00:02.748,00:09:02.362,2023-03-19T21:15:16.667Z
191,Split #191,00:00:03.102,00:09:05.464,2023-03-19T21:15:19.769Z
192,Split #192,00:00:02.814,00:09:08.278,2023-03-19T21:15:22.583Z
193,Split #193,00:00:02.767,00:09:11.045,2023-03-19T21:15:25.350Z
194,Split #194,00:00:02.971,00:09:14.016,2023-03-19T21:15:28.321Z
195,Split #195,00:00:02.787,00:09:16.803,2023-03-19T21:15:31.108Z
196,Split #196,00:00:02.791,00:09:19.594,2023-03-19T21:15:33.899Z
197,Split #197,00:00:02.744,00:09:22.338,2023-03-19T21:15:36.643Z
198,Split #198,00:00:02.701,00:09:25.039,2023-03-19T21:15:39.344Z
199,Split #199,00:00:02.800,00:09:27.839,2023-03-19T21:15:42.144Z
200,Split #200,00:00:02.926,00:09:30.765,2023-03-19T21:15:45.070Z
201,Split #201,00:00:03.107,00:09:33.872,2023-03-19T21:15:48.177Z
202,Split #202,00:00:02.787,00:09:36.659,2023-03-19T21:15:50.964Z
203,Split #203,00:00:02.588,00:09:39.247,2023-03-19T21:15:53.552Z
204,Split #204,00:00:02.880,00:09:42.127,2023-03-19T21:15:56.432Z
205,Split #205,00:00:02.926,00:09:45.053,2023-03-19T21:15:59.358Z
206,Split #206,00:00:02.824,00:09:47.877,2023-03-19T21:16:02.182Z
207,Split #207,00:00:02.789,00:09:50.666,2023-03-19T21:16:04.971Z
208,Split #208,00:00:02.869,00:09:53.535,2023-03-19T21:16:07.840Z
209,Split #209,00:00:04.050,00:09:57.585,2023-03-19T21:16:11.890Z
210,Split #210,00:00:05.694,00:10:03.279,2023-03-19T21:16:17.584Z
211,Split #211,00:00:03.352,00:10:06.631,2023-03-19T21:16:20.936Z
212,Split #212,00:00:03.442,00:10:10.073,2023-03-19T21:16:24.378Z
213,Split #213,00:00:03.453,00:10:13.526,2023-03-19T21:16:27.831Z
214,Split #214,00:00:03.242,00:10:16.768,2023-03-19T21:16:31.073Z
215,Split #215,00:00:03.620,00:10:20.388,2023-03-19T21:16:34.693Z
216,Split #216,00:00:03.352,00:10:23.740,2023-03-19T21:16:38.045Z
217,Split #217,00:00:03.150,00:10:26.890,2023-03-19T21:16:41.195Z
218,Split #218,00:00:02.861,00:10:29.751,2023-03-19T21:16:44.056Z
219,Split #219,00:00:02.428,00:10:32.179,2023-03-19T21:16:46.484Z
220,Split #220,00:00:02.564,00:10:34.743,2023-03-19T21:16:49.048Z
221,Split #221,00:00:02.521,00:10:37.264,2023-03-19T21:16:51.569Z
222,Split #222,00:00:02.564,00:10:39.828,2023-03-19T21:16:54.133Z
223,Split #223,00:00:02.520,00:10:42.348,2023-03-19T21:16:56.653Z
224,Split #224,00:00:02.598,00:10:44.946,2023-03-19T21:16:59.251Z
225,Split #225,00:00:02.814,00:10:47.760,2023-03-19T21:17:02.065Z
226,Split #226,00:00:02.700,00:10:50.460,2023-03-19T21:17:04.765Z
227,Split #227,00:00:02.835,00:10:53.295,2023-03-19T21:17:07.600Z
228,Split #228,00:00:02.848,00:10:56.143,2023-03-19T21:17:10.448Z
229,Split #229,00:00:02.674,00:10:58.817,2023-03-19T21:17:13.122Z
230,Split #230,00:00:02.837,00:11:01.654,2023-03-19T21:17:15.959Z
231,Split #231,00:00:02.609,00:11:04.263,2023-03-19T21:17:18.568Z
232,Split #232,00:00:02.816,00:11:07.079,2023-03-19T21:17:21.384Z
233,Split #233,00:00:02.698,00:11:09.777,2023-03-19T21:17:24.082Z
234,Split #234,00:00:02.675,00:11:12.452,2023-03-19T21:17:26.757Z
235,Split #235,00:00:02.768,00:11:15.220,2023-03-19T21:17:29.525Z
236,Split #236,00:00:02.858,00:11:18.078,2023-03-19T21:17:32.383Z
237,Split #237,00:00:02.972,00:11:21.050,2023-03-19T21:17:35.355Z
238,Split #238,00:00:02.855,00:11:23.905,2023-03-19T21:17:38.210Z
239,Split #239,00:00:02.781,00:11:26.686,2023-03-19T21:17:40.991Z
240,Split #240,00:00:02.701,00:11:29.387,2023-03-19T21:17:43.692Z
241,Split #241,00:00:02.787,00:11:32.174,2023-03-19T21:17:46.479Z
242,Split #242,00:00:03.173,00:11:35.347,2023-03-19T21:17:49.652Z
243,Split #243,00:00:01.979,00:11:37.326,2023-03-19T21:17:51.631Z
244,Split #244,00:00:02.861,00:11:40.187,2023-03-19T21:17:54.492Z
245,Split #245,00:00:01.358,00:11:41.545,2023-03-19T21:17:55.850Z
246,Split #246,00:00:00.746,00:11:42.291,2023-03-19T21:17:56.596Z
247,Split #247,00:00:02.673,00:11:44.964,2023-03-19T21:17:59.269Z
248,Split #248,00:00:02.599,00:11:47.563,2023-03-19T21:18:01.868Z
249,Split #249,00:00:03.285,00:11:50.848,2023-03-19T21:18:05.153Z
250,Split #250,00:00:02.454,00:11:53.302,2023-03-19T21:18:07.607Z
251,Split #251,00:00:03.082,00:11:56.384,2023-03-19T21:18:10.689Z
252,Split #252,00:00:02.836,00:11:59.220,2023-03-19T21:18:13.525Z
253,Split #253,00:00:02.801,00:12:02.021,2023-03-19T21:18:16.326Z
254,Split #254,00:00:02.834,00:12:04.855,2023-03-19T21:18:19.160Z
255,Split #255,00:00:03.241,00:12:08.096,2023-03-19T21:18:22.401Z
256,Split #256,00:00:03.756,00:12:11.852,2023-03-19T21:18:26.157Z
257,Split #257,00:00:03.849,00:12:15.701,2023-03-19T21:18:30.006Z
258,Split #258,00:00:04.071,00:12:19.772,2023-03-19T21:18:34.077Z
259,Split #259,00:00:06.467,00:12:26.239,2023-03-19T21:18:40.544Z
260,Pause #1,---,---,2023-03-19T21:18:40.544Z
