#,Label,Interval,Total,Time Recorded
000,Start #1,---,---,2023-04-23T14:22:07.360Z
001,Split #1,00:00:01.793,00:00:01.793,2023-04-23T14:22:09.153Z
002,Split #2,00:00:03.350,00:00:05.143,2023-04-23T14:22:12.503Z
003,Split #3,00:00:03.328,00:00:08.471,2023-04-23T14:22:15.831Z
004,Split #4,00:00:03.623,00:00:12.094,2023-04-23T14:22:19.454Z
005,Split #5,00:00:03.509,00:00:15.603,2023-04-23T14:22:22.963Z
006,Split #6,00:00:03.195,00:00:18.798,2023-04-23T14:22:26.158Z
007,Split #7,00:00:03.231,00:00:22.029,2023-04-23T14:22:29.389Z
008,Split #8,00:00:03.406,00:00:25.435,2023-04-23T14:22:32.795Z
009,Split #9,00:00:03.264,00:00:28.699,2023-04-23T14:22:36.059Z
010,Split #10,00:00:03.104,00:00:31.803,2023-04-23T14:22:39.163Z
011,Split #11,00:00:03.139,00:00:34.942,2023-04-23T14:22:42.302Z
012,Split #12,00:00:03.129,00:00:38.071,2023-04-23T14:22:45.431Z
013,Split #13,00:00:02.924,00:00:40.995,2023-04-23T14:22:48.355Z
014,Split #14,00:00:03.026,00:00:44.021,2023-04-23T14:22:51.381Z
015,Split #15,00:00:03.037,00:00:47.058,2023-04-23T14:22:54.418Z
016,Split #16,00:00:02.904,00:00:49.962,2023-04-23T14:22:57.322Z
017,Split #17,00:00:03.082,00:00:53.044,2023-04-23T14:23:00.404Z
018,Split #18,00:00:02.880,00:00:55.924,2023-04-23T14:23:03.284Z
019,Split #19,00:00:02.882,00:00:58.806,2023-04-23T14:23:06.166Z
020,Split #20,00:00:02.877,00:01:01.683,2023-04-23T14:23:09.043Z
021,Split #21,00:00:02.813,00:01:04.496,2023-04-23T14:23:11.856Z
022,Split #22,00:00:02.903,00:01:07.399,2023-04-23T14:23:14.759Z
023,Split #23,00:00:02.882,00:01:10.281,2023-04-23T14:23:17.641Z
024,Split #24,00:00:02.765,00:01:13.046,2023-04-23T14:23:20.406Z
025,Split #25,00:00:02.813,00:01:15.859,2023-04-23T14:23:23.219Z
026,Split #26,00:00:02.857,00:01:18.716,2023-04-23T14:23:26.076Z
027,Split #27,00:00:02.791,00:01:21.507,2023-04-23T14:23:28.867Z
028,Split #28,00:00:02.880,00:01:24.387,2023-04-23T14:23:31.747Z
029,Split #29,00:00:02.565,00:01:26.952,2023-04-23T14:23:34.312Z
030,Split #30,00:00:02.588,00:01:29.540,2023-04-23T14:23:36.900Z
031,Split #31,00:00:02.677,00:01:32.217,2023-04-23T14:23:39.577Z
032,Split #32,00:00:02.599,00:01:34.816,2023-04-23T14:23:42.176Z
033,Split #33,00:00:02.656,00:01:37.472,2023-04-23T14:23:44.832Z
034,Split #34,00:00:02.835,00:01:40.307,2023-04-23T14:23:47.667Z
035,Split #35,00:00:02.857,00:01:43.164,2023-04-23T14:23:50.524Z
036,Split #36,00:00:02.813,00:01:45.977,2023-04-23T14:23:53.337Z
037,Split #37,00:00:02.698,00:01:48.675,2023-04-23T14:23:56.035Z
038,Split #38,00:00:02.543,00:01:51.218,2023-04-23T14:23:58.578Z
039,Split #39,00:00:02.644,00:01:53.862,2023-04-23T14:24:01.222Z
040,Split #40,00:00:02.588,00:01:56.450,2023-04-23T14:24:03.810Z
041,Split #41,00:00:02.658,00:01:59.108,2023-04-23T14:24:06.468Z
042,Split #42,00:00:02.518,00:02:01.626,2023-04-23T14:24:08.986Z
043,Split #43,00:00:02.743,00:02:04.369,2023-04-23T14:24:11.729Z
044,Split #44,00:00:02.734,00:02:07.103,2023-04-23T14:24:14.463Z
045,Split #45,00:00:02.836,00:02:09.939,2023-04-23T14:24:17.299Z
046,Split #46,00:00:03.061,00:02:13.000,2023-04-23T14:24:20.360Z
047,Split #47,00:00:02.835,00:02:15.835,2023-04-23T14:24:23.195Z
048,Split #48,00:00:02.789,00:02:18.624,2023-04-23T14:24:25.984Z
049,Split #49,00:00:02.993,00:02:21.617,2023-04-23T14:24:28.977Z
050,Split #50,00:00:02.768,00:02:24.385,2023-04-23T14:24:31.745Z
051,Split #51,00:00:02.734,00:02:27.119,2023-04-23T14:24:34.479Z
052,Split #52,00:00:02.879,00:02:29.998,2023-04-23T14:24:37.358Z
053,Split #53,00:00:02.789,00:02:32.787,2023-04-23T14:24:40.147Z
054,Split #54,00:00:02.700,00:02:35.487,2023-04-23T14:24:42.847Z
055,Split #55,00:00:02.814,00:02:38.301,2023-04-23T14:24:45.661Z
056,Split #56,00:00:02.812,00:02:41.113,2023-04-23T14:24:48.473Z
057,Split #57,00:00:02.859,00:02:43.972,2023-04-23T14:24:51.332Z
058,Split #58,00:00:02.608,00:02:46.580,2023-04-23T14:24:53.940Z
059,Split #59,00:00:02.430,00:02:49.010,2023-04-23T14:24:56.370Z
060,Split #60,00:00:02.351,00:02:51.361,2023-04-23T14:24:58.721Z
061,Split #61,00:00:02.544,00:02:53.905,2023-04-23T14:25:01.265Z
062,Split #62,00:00:02.429,00:02:56.334,2023-04-23T14:25:03.694Z
063,Split #63,00:00:02.464,00:02:58.798,2023-04-23T14:25:06.158Z
064,Split #64,00:00:02.452,00:03:01.250,2023-04-23T14:25:08.610Z
065,Split #65,00:00:02.362,00:03:03.612,2023-04-23T14:25:10.972Z
066,Split #66,00:00:02.434,00:03:06.046,2023-04-23T14:25:13.406Z
067,Split #67,00:00:02.337,00:03:08.383,2023-04-23T14:25:15.743Z
068,Split #68,00:00:02.466,00:03:10.849,2023-04-23T14:25:18.209Z
069,Split #69,00:00:02.439,00:03:13.288,2023-04-23T14:25:20.648Z
070,Split #70,00:00:02.318,00:03:15.606,2023-04-23T14:25:22.966Z
071,Split #71,00:00:02.452,00:03:18.058,2023-04-23T14:25:25.418Z
072,Split #72,00:00:02.385,00:03:20.443,2023-04-23T14:25:27.803Z
073,Split #73,00:00:02.521,00:03:22.964,2023-04-23T14:25:30.324Z
074,Split #74,00:00:02.320,00:03:25.284,2023-04-23T14:25:32.644Z
075,Split #75,00:00:02.452,00:03:27.736,2023-04-23T14:25:35.096Z
076,Split #76,00:00:02.337,00:03:30.073,2023-04-23T14:25:37.433Z
077,Split #77,00:00:02.544,00:03:32.617,2023-04-23T14:25:39.977Z
078,Split #78,00:00:02.609,00:03:35.226,2023-04-23T14:25:42.586Z
079,Split #79,00:00:02.700,00:03:37.926,2023-04-23T14:25:45.286Z
080,Split #80,00:00:02.700,00:03:40.626,2023-04-23T14:25:47.986Z
081,Split #81,00:00:02.723,00:03:43.349,2023-04-23T14:25:50.709Z
082,Split #82,00:00:02.994,00:03:46.343,2023-04-23T14:25:53.703Z
083,Split #83,00:00:02.822,00:03:49.165,2023-04-23T14:25:56.525Z
084,Split #84,00:00:02.768,00:03:51.933,2023-04-23T14:25:59.293Z
085,Split #85,00:00:03.378,00:03:55.311,2023-04-23T14:26:02.671Z
086,Split #86,00:00:03.439,00:03:58.750,2023-04-23T14:26:06.110Z
087,Split #87,00:00:02.947,00:04:01.697,2023-04-23T14:26:09.057Z
088,Split #88,00:00:02.882,00:04:04.579,2023-04-23T14:26:11.939Z
089,Split #89,00:00:03.081,00:04:07.660,2023-04-23T14:26:15.020Z
090,Split #90,00:00:02.903,00:04:10.563,2023-04-23T14:26:17.923Z
091,Split #91,00:00:02.836,00:04:13.399,2023-04-23T14:26:20.759Z
092,Split #92,00:00:02.869,00:04:16.268,2023-04-23T14:26:23.628Z
093,Split #93,00:00:02.812,00:04:19.080,2023-04-23T14:26:26.440Z
094,Split #94,00:00:02.924,00:04:22.004,2023-04-23T14:26:29.364Z
095,Split #95,00:00:02.790,00:04:24.794,2023-04-23T14:26:32.154Z
096,Split #96,00:00:02.812,00:04:27.606,2023-04-23T14:26:34.966Z
097,Split #97,00:00:02.816,00:04:30.422,2023-04-23T14:26:37.782Z
098,Split #98,00:00:02.922,00:04:33.344,2023-04-23T14:26:40.704Z
099,Split #99,00:00:02.929,00:04:36.273,2023-04-23T14:26:43.633Z
100,Split #100,00:00:02.786,00:04:39.059,2023-04-23T14:26:46.419Z
101,Split #101,00:00:02.790,00:04:41.849,2023-04-23T14:26:49.209Z
102,Split #102,00:00:02.835,00:04:44.684,2023-04-23T14:26:52.044Z
103,Split #103,00:00:02.893,00:04:47.577,2023-04-23T14:26:54.937Z
104,Split #104,00:00:02.823,00:04:50.400,2023-04-23T14:26:57.760Z
105,Split #105,00:00:02.812,00:04:53.212,2023-04-23T14:27:00.572Z
106,Split #106,00:00:02.723,00:04:55.935,2023-04-23T14:27:03.295Z
107,Split #107,00:00:02.679,00:04:58.614,2023-04-23T14:27:05.974Z
108,Split #108,00:00:02.720,00:05:01.334,2023-04-23T14:27:08.694Z
109,Split #109,00:00:02.768,00:05:04.102,2023-04-23T14:27:11.462Z
110,Split #110,00:00:02.679,00:05:06.781,2023-04-23T14:27:14.141Z
111,Split #111,00:00:02.721,00:05:09.502,2023-04-23T14:27:16.862Z
112,Split #112,00:00:02.702,00:05:12.204,2023-04-23T14:27:19.564Z
113,Split #113,00:00:02.677,00:05:14.881,2023-04-23T14:27:22.241Z
114,Split #114,00:00:02.790,00:05:17.671,2023-04-23T14:27:25.031Z
115,Split #115,00:00:02.609,00:05:20.280,2023-04-23T14:27:27.640Z
116,Split #116,00:00:02.801,00:05:23.081,2023-04-23T14:27:30.441Z
117,Split #117,00:00:02.723,00:05:25.804,2023-04-23T14:27:33.164Z
118,Split #118,00:00:02.947,00:05:28.751,2023-04-23T14:27:36.111Z
119,Split #119,00:00:02.634,00:05:31.385,2023-04-23T14:27:38.745Z
120,Split #120,00:00:02.721,00:05:34.106,2023-04-23T14:27:41.466Z
121,Split #121,00:00:02.813,00:05:36.919,2023-04-23T14:27:44.279Z
122,Split #122,00:00:03.059,00:05:39.978,2023-04-23T14:27:47.338Z
123,Split #123,00:00:02.453,00:05:42.431,2023-04-23T14:27:49.791Z
124,Split #124,00:00:02.700,00:05:45.131,2023-04-23T14:27:52.491Z
125,Split #125,00:00:02.835,00:05:47.966,2023-04-23T14:27:55.326Z
126,Split #126,00:00:03.162,00:05:51.128,2023-04-23T14:27:58.488Z
127,Split #127,00:00:03.016,00:05:54.144,2023-04-23T14:28:01.504Z
128,Split #128,00:00:03.600,00:05:57.744,2023-04-23T14:28:05.104Z
129,Split #129,00:00:03.465,00:06:01.209,2023-04-23T14:28:08.569Z
130,Split #130,00:00:03.352,00:06:04.561,2023-04-23T14:28:11.921Z
131,Split #131,00:00:03.422,00:06:07.983,2023-04-23T14:28:15.343Z
132,Split #132,00:00:03.508,00:06:11.491,2023-04-23T14:28:18.851Z
133,Split #133,00:00:04.184,00:06:15.675,2023-04-23T14:28:23.035Z
134,Split #134,00:00:03.735,00:06:19.410,2023-04-23T14:28:26.770Z
135,Split #135,00:00:03.083,00:06:22.493,2023-04-23T14:28:29.853Z
136,Split #136,00:00:03.061,00:06:25.554,2023-04-23T14:28:32.914Z
137,Split #137,00:00:03.017,00:06:28.571,2023-04-23T14:28:35.931Z
138,Split #138,00:00:02.945,00:06:31.516,2023-04-23T14:28:38.876Z
139,Split #139,00:00:02.903,00:06:34.419,2023-04-23T14:28:41.779Z
140,Split #140,00:00:02.767,00:06:37.186,2023-04-23T14:28:44.546Z
141,Split #141,00:00:02.913,00:06:40.099,2023-04-23T14:28:47.459Z
142,Split #142,00:00:02.927,00:06:43.026,2023-04-23T14:28:50.386Z
143,Split #143,00:00:02.788,00:06:45.814,2023-04-23T14:28:53.174Z
144,Split #144,00:00:02.700,00:06:48.514,2023-04-23T14:28:55.874Z
145,Split #145,00:00:02.724,00:06:51.238,2023-04-23T14:28:58.598Z
146,Split #146,00:00:02.723,00:06:53.961,2023-04-23T14:29:01.321Z
147,Split #147,00:00:02.721,00:06:56.682,2023-04-23T14:29:04.042Z
148,Split #148,00:00:02.747,00:06:59.429,2023-04-23T14:29:06.789Z
149,Split #149,00:00:03.183,00:07:02.612,2023-04-23T14:29:09.972Z
150,Split #150,00:00:02.520,00:07:05.132,2023-04-23T14:29:12.492Z
151,Split #151,00:00:02.722,00:07:07.854,2023-04-23T14:29:15.214Z
152,Split #152,00:00:02.610,00:07:10.464,2023-04-23T14:29:17.824Z
153,Split #153,00:00:02.610,00:07:13.074,2023-04-23T14:29:20.434Z
154,Split #154,00:00:02.530,00:07:15.604,2023-04-23T14:29:22.964Z
155,Split #155,00:00:02.521,00:07:18.125,2023-04-23T14:29:25.485Z
156,Split #156,00:00:02.476,00:07:20.601,2023-04-23T14:29:27.961Z
157,Split #157,00:00:02.564,00:07:23.165,2023-04-23T14:29:30.525Z
158,Split #158,00:00:02.476,00:07:25.641,2023-04-23T14:29:33.001Z
159,Split #159,00:00:02.474,00:07:28.115,2023-04-23T14:29:35.475Z
160,Split #160,00:00:02.543,00:07:30.658,2023-04-23T14:29:38.018Z
161,Split #161,00:00:02.475,00:07:33.133,2023-04-23T14:29:40.493Z
162,Split #162,00:00:02.477,00:07:35.610,2023-04-23T14:29:42.970Z
163,Split #163,00:00:02.563,00:07:38.173,2023-04-23T14:29:45.533Z
164,Split #164,00:00:02.497,00:07:40.670,2023-04-23T14:29:48.030Z
165,Split #165,00:00:02.476,00:07:43.146,2023-04-23T14:29:50.506Z
166,Split #166,00:00:02.362,00:07:45.508,2023-04-23T14:29:52.868Z
167,Split #167,00:00:02.565,00:07:48.073,2023-04-23T14:29:55.433Z
168,Split #168,00:00:02.475,00:07:50.548,2023-04-23T14:29:57.908Z
169,Split #169,00:00:02.453,00:07:53.001,2023-04-23T14:30:00.361Z
170,Split #170,00:00:02.519,00:07:55.520,2023-04-23T14:30:02.880Z
171,Split #171,00:00:02.498,00:07:58.018,2023-04-23T14:30:05.378Z
172,Split #172,00:00:02.499,00:08:00.517,2023-04-23T14:30:07.877Z
173,Split #173,00:00:02.564,00:08:03.081,2023-04-23T14:30:10.441Z
174,Split #174,00:00:02.543,00:08:05.624,2023-04-23T14:30:12.984Z
175,Split #175,00:00:02.565,00:08:08.189,2023-04-23T14:30:15.549Z
176,Split #176,00:00:02.609,00:08:10.798,2023-04-23T14:30:18.158Z
177,Split #177,00:00:02.790,00:08:13.588,2023-04-23T14:30:20.948Z
178,Split #178,00:00:03.128,00:08:16.716,2023-04-23T14:30:24.076Z
179,Split #179,00:00:02.902,00:08:19.618,2023-04-23T14:30:26.978Z
180,Split #180,00:00:02.926,00:08:22.544,2023-04-23T14:30:29.904Z
181,Split #181,00:00:02.924,00:08:25.468,2023-04-23T14:30:32.828Z
182,Split #182,00:00:02.745,00:08:28.213,2023-04-23T14:30:35.573Z
183,Split #183,00:00:02.903,00:08:31.116,2023-04-23T14:30:38.476Z
184,Split #184,00:00:02.858,00:08:33.974,2023-04-23T14:30:41.334Z
185,Split #185,00:00:02.992,00:08:36.966,2023-04-23T14:30:44.326Z
186,Split #186,00:00:03.265,00:08:40.231,2023-04-23T14:30:47.591Z
187,Split #187,00:00:03.239,00:08:43.470,2023-04-23T14:30:50.830Z
188,Split #188,00:00:03.306,00:08:46.776,2023-04-23T14:30:54.136Z
189,Split #189,00:00:03.083,00:08:49.859,2023-04-23T14:30:57.219Z
190,Split #190,00:00:03.341,00:08:53.200,2023-04-23T14:31:00.560Z
191,Split #191,00:00:03.376,00:08:56.576,2023-04-23T14:31:03.936Z
192,Split #192,00:00:03.351,00:08:59.927,2023-04-23T14:31:07.287Z
193,Split #193,00:00:03.128,00:09:03.055,2023-04-23T14:31:10.415Z
194,Split #194,00:00:03.129,00:09:06.184,2023-04-23T14:31:13.544Z
195,Split #195,00:00:03.152,00:09:09.336,2023-04-23T14:31:16.696Z
196,Split #196,00:00:03.215,00:09:12.551,2023-04-23T14:31:19.911Z
197,Split #197,00:00:03.040,00:09:15.591,2023-04-23T14:31:22.951Z
198,Split #198,00:00:03.372,00:09:18.963,2023-04-23T14:31:26.323Z
199,Split #199,00:00:03.173,00:09:22.136,2023-04-23T14:31:29.496Z
200,Split #200,00:00:03.424,00:09:25.560,2023-04-23T14:31:32.920Z
201,Split #201,00:00:03.148,00:09:28.708,2023-04-23T14:31:36.068Z
202,Split #202,00:00:03.496,00:09:32.204,2023-04-23T14:31:39.564Z
203,Split #203,00:00:02.757,00:09:34.961,2023-04-23T14:31:42.321Z
204,Split #204,00:00:02.745,00:09:37.706,2023-04-23T14:31:45.066Z
205,Split #205,00:00:02.792,00:09:40.498,2023-04-23T14:31:47.858Z
206,Split #206,00:00:02.655,00:09:43.153,2023-04-23T14:31:50.513Z
207,Split #207,00:00:02.766,00:09:45.919,2023-04-23T14:31:53.279Z
208,Split #208,00:00:02.665,00:09:48.584,2023-04-23T14:31:55.944Z
209,Split #209,00:00:03.366,00:09:51.950,2023-04-23T14:31:59.310Z
210,Split #210,00:00:04.375,00:09:56.325,2023-04-23T14:32:03.685Z
211,Split #211,00:00:03.779,00:10:00.104,2023-04-23T14:32:07.464Z
212,Split #212,00:00:03.376,00:10:03.480,2023-04-23T14:32:10.840Z
213,Split #213,00:00:03.780,00:10:07.260,2023-04-23T14:32:14.620Z
214,Split #214,00:00:03.217,00:10:10.477,2023-04-23T14:32:17.837Z
215,Split #215,00:00:03.600,00:10:14.077,2023-04-23T14:32:21.437Z
216,Split #216,00:00:03.500,00:10:17.577,2023-04-23T14:32:24.937Z
217,Split #217,00:00:03.487,00:10:21.064,2023-04-23T14:32:28.424Z
218,Split #218,00:00:03.130,00:10:24.194,2023-04-23T14:32:31.554Z
219,Split #219,00:00:03.102,00:10:27.296,2023-04-23T14:32:34.656Z
220,Split #220,00:00:03.200,00:10:30.496,2023-04-23T14:32:37.856Z
221,Split #221,00:00:03.013,00:10:33.509,2023-04-23T14:32:40.869Z
222,Split #222,00:00:02.878,00:10:36.387,2023-04-23T14:32:43.747Z
223,Split #223,00:00:02.883,00:10:39.270,2023-04-23T14:32:46.630Z
224,Split #224,00:00:02.831,00:10:42.101,2023-04-23T14:32:49.461Z
225,Split #225,00:00:02.950,00:10:45.051,2023-04-23T14:32:52.411Z
226,Split #226,00:00:03.126,00:10:48.177,2023-04-23T14:32:55.537Z
227,Split #227,00:00:03.015,00:10:51.192,2023-04-23T14:32:58.552Z
228,Split #228,00:00:03.042,00:10:54.234,2023-04-23T14:33:01.594Z
229,Split #229,00:00:03.506,00:10:57.740,2023-04-23T14:33:05.100Z
230,Split #230,00:00:03.264,00:11:01.004,2023-04-23T14:33:08.364Z
231,Split #231,00:00:02.968,00:11:03.972,2023-04-23T14:33:11.332Z
232,Split #232,00:00:02.948,00:11:06.920,2023-04-23T14:33:14.280Z
233,Split #233,00:00:02.925,00:11:09.845,2023-04-23T14:33:17.205Z
234,Split #234,00:00:03.082,00:11:12.927,2023-04-23T14:33:20.287Z
235,Split #235,00:00:03.060,00:11:15.987,2023-04-23T14:33:23.347Z
236,Split #236,00:00:03.117,00:11:19.104,2023-04-23T14:33:26.464Z
237,Split #237,00:00:03.082,00:11:22.186,2023-04-23T14:33:29.546Z
238,Split #238,00:00:03.109,00:11:25.295,2023-04-23T14:33:32.655Z
239,Split #239,00:00:02.968,00:11:28.263,2023-04-23T14:33:35.623Z
240,Split #240,00:00:02.856,00:11:31.119,2023-04-23T14:33:38.479Z
241,Split #241,00:00:02.994,00:11:34.113,2023-04-23T14:33:41.473Z
242,Split #242,00:00:02.541,00:11:36.654,2023-04-23T14:33:44.014Z
243,Split #243,00:00:02.564,00:11:39.218,2023-04-23T14:33:46.578Z
244,Split #244,00:00:02.409,00:11:41.627,2023-04-23T14:33:48.987Z
245,Split #245,00:00:02.723,00:11:44.350,2023-04-23T14:33:51.710Z
246,Split #246,00:00:02.857,00:11:47.207,2023-04-23T14:33:54.567Z
247,Split #247,00:00:02.477,00:11:49.684,2023-04-23T14:33:57.044Z
248,Split #248,00:00:03.104,00:11:52.788,2023-04-23T14:34:00.148Z
249,Split #249,00:00:03.104,00:11:55.892,2023-04-23T14:34:03.252Z
250,Split #250,00:00:04.164,00:12:00.056,2023-04-23T14:34:07.416Z
251,Split #251,00:00:03.553,00:12:03.609,2023-04-23T14:34:10.969Z
252,Split #252,00:00:03.668,00:12:07.277,2023-04-23T14:34:14.637Z
253,Split #253,00:00:03.579,00:12:10.856,2023-04-23T14:34:18.216Z
254,Split #254,00:00:03.643,00:12:14.499,2023-04-23T14:34:21.859Z
255,Split #255,00:00:03.600,00:12:18.099,2023-04-23T14:34:25.459Z
256,Split #256,00:00:04.186,00:12:22.285,2023-04-23T14:34:29.645Z
257,Split #257,00:00:06.247,00:12:28.532,2023-04-23T14:34:35.892Z
258,Split #258,00:00:06.341,00:12:34.873,2023-04-23T14:34:42.233Z
259,Split #259,00:00:05.698,00:12:40.571,2023-04-23T14:34:47.931Z