#,Label,Interval,Total,Time Recorded
000,Start #1,---,---,2023-04-05T20:19:28.332Z
001,Split #1,00:00:05.262,00:00:05.262,2023-04-05T20:19:33.594Z
002,Split #2,00:00:03.735,00:00:08.997,2023-04-05T20:19:37.329Z
003,Split #3,00:00:04.253,00:00:13.250,2023-04-05T20:19:41.582Z
004,Split #4,00:00:04.097,00:00:17.347,2023-04-05T20:19:45.679Z
005,Split #5,00:00:04.416,00:00:21.763,2023-04-05T20:19:50.095Z
006,Split #6,00:00:04.269,00:00:26.032,2023-04-05T20:19:54.364Z
007,Split #7,00:00:04.185,00:00:30.217,2023-04-05T20:19:58.549Z
008,Split #8,00:00:04.254,00:00:34.471,2023-04-05T20:20:02.803Z
009,Split #9,00:00:04.194,00:00:38.665,2023-04-05T20:20:06.997Z
010,Split #10,00:00:03.465,00:00:42.130,2023-04-05T20:20:10.462Z
011,Split #11,00:00:03.644,00:00:45.774,2023-04-05T20:20:14.106Z
012,Split #12,00:00:03.465,00:00:49.239,2023-04-05T20:20:17.571Z
013,Split #13,00:00:04.253,00:00:53.492,2023-04-05T20:20:21.824Z
014,Split #14,00:00:03.579,00:00:57.071,2023-04-05T20:20:25.403Z
015,Split #15,00:00:03.688,00:01:00.759,2023-04-05T20:20:29.091Z
016,Split #16,00:00:04.658,00:01:05.417,2023-04-05T20:20:33.749Z
017,Split #17,00:00:04.444,00:01:09.861,2023-04-05T20:20:38.193Z
018,Split #18,00:00:03.521,00:01:13.382,2023-04-05T20:20:41.714Z
019,Split #19,00:00:03.555,00:01:16.937,2023-04-05T20:20:45.269Z
020,Split #20,00:00:03.555,00:01:20.492,2023-04-05T20:20:48.824Z
021,Split #21,00:00:03.735,00:01:24.227,2023-04-05T20:20:52.559Z
022,Split #22,00:00:03.601,00:01:27.828,2023-04-05T20:20:56.160Z
023,Split #23,00:00:03.508,00:01:31.336,2023-04-05T20:20:59.668Z
024,Split #24,00:00:04.591,00:01:35.927,2023-04-05T20:21:04.259Z
025,Split #25,00:00:04.084,00:01:40.011,2023-04-05T20:21:08.343Z
026,Split #26,00:00:03.544,00:01:43.555,2023-04-05T20:21:11.887Z
027,Split #27,00:00:03.689,00:01:47.244,2023-04-05T20:21:15.576Z
028,Split #28,00:00:03.555,00:01:50.799,2023-04-05T20:21:19.131Z
029,Split #29,00:00:03.692,00:01:54.491,2023-04-05T20:21:22.823Z
030,Split #30,00:00:03.486,00:01:57.977,2023-04-05T20:21:26.309Z
031,Split #31,00:00:03.602,00:02:01.579,2023-04-05T20:21:29.911Z
032,Split #32,00:00:03.620,00:02:05.199,2023-04-05T20:21:33.531Z
033,Split #33,00:00:04.006,00:02:09.205,2023-04-05T20:21:37.537Z
034,Split #34,00:00:03.827,00:02:13.032,2023-04-05T20:21:41.364Z
035,Split #35,00:00:03.642,00:02:16.674,2023-04-05T20:21:45.006Z
036,Split #36,00:00:03.803,00:02:20.477,2023-04-05T20:21:48.809Z
037,Split #37,00:00:03.949,00:02:24.426,2023-04-05T20:21:52.758Z
038,Split #38,00:00:03.465,00:02:27.891,2023-04-05T20:21:56.223Z
039,Split #39,00:00:03.447,00:02:31.338,2023-04-05T20:21:59.670Z
040,Split #40,00:00:03.393,00:02:34.731,2023-04-05T20:22:03.063Z
041,Split #41,00:00:03.353,00:02:38.084,2023-04-05T20:22:06.416Z
042,Split #42,00:00:03.374,00:02:41.458,2023-04-05T20:22:09.790Z
043,Split #43,00:00:03.285,00:02:44.743,2023-04-05T20:22:13.075Z
044,Split #44,00:00:03.376,00:02:48.119,2023-04-05T20:22:16.451Z
045,Split #45,00:00:03.465,00:02:51.584,2023-04-05T20:22:19.916Z
046,Split #46,00:00:03.397,00:02:54.981,2023-04-05T20:22:23.313Z
047,Split #47,00:00:03.332,00:02:58.313,2023-04-05T20:22:26.645Z
048,Split #48,00:00:03.509,00:03:01.822,2023-04-05T20:22:30.154Z
049,Split #49,00:00:03.194,00:03:05.016,2023-04-05T20:22:33.348Z
050,Split #50,00:00:04.252,00:03:09.268,2023-04-05T20:22:37.600Z
051,Split #51,00:00:03.310,00:03:12.578,2023-04-05T20:22:40.910Z
052,Split #52,00:00:03.173,00:03:15.751,2023-04-05T20:22:44.083Z
053,Split #53,00:00:03.350,00:03:19.101,2023-04-05T20:22:47.433Z
054,Split #54,00:00:03.589,00:03:22.690,2023-04-05T20:22:51.022Z
055,Split #55,00:00:03.488,00:03:26.178,2023-04-05T20:22:54.510Z
056,Split #56,00:00:03.172,00:03:29.350,2023-04-05T20:22:57.682Z
057,Split #57,00:00:03.105,00:03:32.455,2023-04-05T20:23:00.787Z
058,Split #58,00:00:03.060,00:03:35.515,2023-04-05T20:23:03.847Z
059,Split #59,00:00:03.016,00:03:38.531,2023-04-05T20:23:06.863Z
060,Split #60,00:00:02.834,00:03:41.365,2023-04-05T20:23:09.697Z
061,Split #61,00:00:02.768,00:03:44.133,2023-04-05T20:23:12.465Z
062,Split #62,00:00:02.860,00:03:46.993,2023-04-05T20:23:15.325Z
063,Split #63,00:00:02.969,00:03:49.962,2023-04-05T20:23:18.294Z
064,Split #64,00:00:03.103,00:03:53.065,2023-04-05T20:23:21.397Z
065,Split #65,00:00:03.105,00:03:56.170,2023-04-05T20:23:24.502Z
066,Split #66,00:00:02.812,00:03:58.982,2023-04-05T20:23:27.314Z
067,Split #67,00:00:02.860,00:04:01.842,2023-04-05T20:23:30.174Z
068,Split #68,00:00:02.800,00:04:04.642,2023-04-05T20:23:32.974Z
069,Split #69,00:00:02.992,00:04:07.634,2023-04-05T20:23:35.966Z
070,Split #70,00:00:03.017,00:04:10.651,2023-04-05T20:23:38.983Z
071,Split #71,00:00:03.049,00:04:13.700,2023-04-05T20:23:42.032Z
072,Split #72,00:00:02.767,00:04:16.467,2023-04-05T20:23:44.799Z
073,Split #73,00:00:03.418,00:04:19.885,2023-04-05T20:23:48.217Z
074,Split #74,00:00:03.668,00:04:23.553,2023-04-05T20:23:51.885Z
075,Split #75,00:00:03.195,00:04:26.748,2023-04-05T20:23:55.080Z
076,Split #76,00:00:03.048,00:04:29.796,2023-04-05T20:23:58.128Z
077,Split #77,00:00:04.839,00:04:34.635,2023-04-05T20:24:02.967Z
078,Split #78,00:00:03.870,00:04:38.505,2023-04-05T20:24:06.837Z
079,Split #79,00:00:03.891,00:04:42.396,2023-04-05T20:24:10.728Z
080,Split #80,00:00:04.074,00:04:46.470,2023-04-05T20:24:14.802Z
081,Split #81,00:00:04.455,00:04:50.925,2023-04-05T20:24:19.257Z
082,Split #82,00:00:04.027,00:04:54.952,2023-04-05T20:24:23.284Z
083,Split #83,00:00:03.915,00:04:58.867,2023-04-05T20:24:27.199Z
084,Split #84,00:00:03.757,00:05:02.624,2023-04-05T20:24:30.956Z
085,Split #85,00:00:03.713,00:05:06.337,2023-04-05T20:24:34.669Z
086,Split #86,00:00:03.105,00:05:09.442,2023-04-05T20:24:37.774Z
087,Split #87,00:00:02.947,00:05:12.389,2023-04-05T20:24:40.721Z
088,Split #88,00:00:03.131,00:05:15.520,2023-04-05T20:24:43.852Z
089,Split #89,00:00:03.057,00:05:18.577,2023-04-05T20:24:46.909Z
090,Split #90,00:00:02.913,00:05:21.490,2023-04-05T20:24:49.822Z
091,Split #91,00:00:03.061,00:05:24.551,2023-04-05T20:24:52.883Z
092,Split #92,00:00:02.904,00:05:27.455,2023-04-05T20:24:55.787Z
093,Split #93,00:00:03.204,00:05:30.659,2023-04-05T20:24:58.991Z
094,Split #94,00:00:02.655,00:05:33.314,2023-04-05T20:25:01.646Z
095,Split #95,00:00:02.813,00:05:36.127,2023-04-05T20:25:04.459Z
096,Split #96,00:00:02.903,00:05:39.030,2023-04-05T20:25:07.362Z
097,Split #97,00:00:03.061,00:05:42.091,2023-04-05T20:25:10.423Z
098,Split #98,00:00:02.721,00:05:44.812,2023-04-05T20:25:13.144Z
099,Split #99,00:00:02.713,00:05:47.525,2023-04-05T20:25:15.857Z
100,Split #100,00:00:02.634,00:05:50.159,2023-04-05T20:25:18.491Z
101,Split #101,00:00:02.721,00:05:52.880,2023-04-05T20:25:21.212Z
102,Split #102,00:00:02.767,00:05:55.647,2023-04-05T20:25:23.979Z
103,Split #103,00:00:02.677,00:05:58.324,2023-04-05T20:25:26.656Z
104,Split #104,00:00:02.657,00:06:00.981,2023-04-05T20:25:29.313Z
105,Split #105,00:00:02.777,00:06:03.758,2023-04-05T20:25:32.090Z
106,Split #106,00:00:02.825,00:06:06.583,2023-04-05T20:25:34.915Z
107,Split #107,00:00:02.923,00:06:09.506,2023-04-05T20:25:37.838Z
108,Split #108,00:00:02.656,00:06:12.162,2023-04-05T20:25:40.494Z
109,Split #109,00:00:02.879,00:06:15.041,2023-04-05T20:25:43.373Z
110,Split #110,00:00:02.767,00:06:17.808,2023-04-05T20:25:46.140Z
111,Split #111,00:00:02.768,00:06:20.576,2023-04-05T20:25:48.908Z
112,Split #112,00:00:02.700,00:06:23.276,2023-04-05T20:25:51.608Z
113,Split #113,00:00:03.116,00:06:26.392,2023-04-05T20:25:54.724Z
114,Split #114,00:00:02.984,00:06:29.376,2023-04-05T20:25:57.708Z
115,Split #115,00:00:02.855,00:06:32.231,2023-04-05T20:26:00.563Z
116,Split #116,00:00:02.903,00:06:35.134,2023-04-05T20:26:03.466Z
117,Split #117,00:00:03.566,00:06:38.700,2023-04-05T20:26:07.032Z
118,Split #118,00:00:02.812,00:06:41.512,2023-04-05T20:26:09.844Z
119,Split #119,00:00:02.952,00:06:44.464,2023-04-05T20:26:12.796Z
120,Split #120,00:00:04.183,00:06:48.647,2023-04-05T20:26:16.979Z
121,Split #121,00:00:04.702,00:06:53.349,2023-04-05T20:26:21.681Z
122,Split #122,00:00:03.713,00:06:57.062,2023-04-05T20:26:25.394Z
123,Split #123,00:00:03.576,00:07:00.638,2023-04-05T20:26:28.970Z
124,Split #124,00:00:04.546,00:07:05.184,2023-04-05T20:26:33.516Z
125,Split #125,00:00:03.914,00:07:09.098,2023-04-05T20:26:37.430Z
126,Split #126,00:00:04.390,00:07:13.488,2023-04-05T20:26:41.820Z
127,Split #127,00:00:04.318,00:07:17.806,2023-04-05T20:26:46.138Z
128,Split #128,00:00:04.117,00:07:21.923,2023-04-05T20:26:50.255Z
129,Split #129,00:00:04.477,00:07:26.400,2023-04-05T20:26:54.732Z
130,Split #130,00:00:04.524,00:07:30.924,2023-04-05T20:26:59.256Z
131,Split #131,00:00:04.488,00:07:35.412,2023-04-05T20:27:03.744Z
132,Split #132,00:00:05.199,00:07:40.611,2023-04-05T20:27:08.943Z
133,Split #133,00:00:08.033,00:07:48.644,2023-04-05T20:27:16.976Z
134,Split #134,00:00:03.621,00:07:52.265,2023-04-05T20:27:20.597Z
135,Split #135,00:00:03.467,00:07:55.732,2023-04-05T20:27:24.064Z
136,Split #136,00:00:03.845,00:07:59.577,2023-04-05T20:27:27.909Z
137,Split #137,00:00:04.073,00:08:03.650,2023-04-05T20:27:31.982Z
138,Split #138,00:00:03.465,00:08:07.115,2023-04-05T20:27:35.447Z
139,Split #139,00:00:03.388,00:08:10.503,2023-04-05T20:27:38.835Z
140,Split #140,00:00:04.206,00:08:14.709,2023-04-05T20:27:43.041Z
141,Split #141,00:00:03.512,00:08:18.221,2023-04-05T20:27:46.553Z
142,Split #142,00:00:03.642,00:08:21.863,2023-04-05T20:27:50.195Z
143,Split #143,00:00:03.803,00:08:25.666,2023-04-05T20:27:53.998Z
144,Split #144,00:00:03.578,00:08:29.244,2023-04-05T20:27:57.576Z
145,Split #145,00:00:03.644,00:08:32.888,2023-04-05T20:28:01.220Z
146,Split #146,00:00:03.488,00:08:36.376,2023-04-05T20:28:04.708Z
147,Split #147,00:00:03.375,00:08:39.751,2023-04-05T20:28:08.083Z
148,Split #148,00:00:04.073,00:08:43.824,2023-04-05T20:28:12.156Z
149,Split #149,00:00:03.037,00:08:46.861,2023-04-05T20:28:15.193Z
150,Split #150,00:00:03.531,00:08:50.392,2023-04-05T20:28:18.724Z
151,Split #151,00:00:03.576,00:08:53.968,2023-04-05T20:28:22.300Z
152,Split #152,00:00:03.240,00:08:57.208,2023-04-05T20:28:25.540Z
153,Split #153,00:00:03.150,00:09:00.358,2023-04-05T20:28:28.690Z
154,Split #154,00:00:03.217,00:09:03.575,2023-04-05T20:28:31.907Z
155,Split #155,00:00:03.309,00:09:06.884,2023-04-05T20:28:35.216Z
156,Split #156,00:00:03.084,00:09:09.968,2023-04-05T20:28:38.300Z
157,Split #157,00:00:03.090,00:09:13.058,2023-04-05T20:28:41.390Z
158,Split #158,00:00:03.116,00:09:16.174,2023-04-05T20:28:44.506Z
159,Split #159,00:00:03.049,00:09:19.223,2023-04-05T20:28:47.555Z
160,Split #160,00:00:03.129,00:09:22.352,2023-04-05T20:28:50.684Z
161,Split #161,00:00:03.218,00:09:25.570,2023-04-05T20:28:53.902Z
162,Split #162,00:00:03.237,00:09:28.807,2023-04-05T20:28:57.139Z
163,Split #163,00:00:03.173,00:09:31.980,2023-04-05T20:29:00.312Z
164,Split #164,00:00:03.072,00:09:35.052,2023-04-05T20:29:03.384Z
165,Split #165,00:00:03.108,00:09:38.160,2023-04-05T20:29:06.492Z
166,Split #166,00:00:03.182,00:09:41.342,2023-04-05T20:29:09.674Z
167,Split #167,00:00:03.058,00:09:44.400,2023-04-05T20:29:12.732Z
168,Split #168,00:00:03.129,00:09:47.529,2023-04-05T20:29:15.861Z
169,Split #169,00:00:03.261,00:09:50.790,2023-04-05T20:29:19.122Z
170,Split #170,00:00:03.510,00:09:54.300,2023-04-05T20:29:22.632Z
171,Split #171,00:00:03.342,00:09:57.642,2023-04-05T20:29:25.974Z
172,Split #172,00:00:03.509,00:10:01.151,2023-04-05T20:29:29.483Z
173,Split #173,00:00:03.218,00:10:04.369,2023-04-05T20:29:32.701Z
174,Split #174,00:00:03.219,00:10:07.588,2023-04-05T20:29:35.920Z
175,Split #175,00:00:03.399,00:10:10.987,2023-04-05T20:29:39.319Z
176,Split #176,00:00:04.065,00:10:15.052,2023-04-05T20:29:43.384Z
177,Split #177,00:00:03.323,00:10:18.375,2023-04-05T20:29:46.707Z
178,Split #178,00:00:03.150,00:10:21.525,2023-04-05T20:29:49.857Z
179,Split #179,00:00:03.197,00:10:24.722,2023-04-05T20:29:53.054Z
180,Split #180,00:00:03.407,00:10:28.129,2023-04-05T20:29:56.461Z
181,Split #181,00:00:03.240,00:10:31.369,2023-04-05T20:29:59.701Z
182,Split #182,00:00:03.218,00:10:34.587,2023-04-05T20:30:02.919Z
183,Split #183,00:00:03.712,00:10:38.299,2023-04-05T20:30:06.631Z
184,Split #184,00:00:03.747,00:10:42.046,2023-04-05T20:30:10.378Z
185,Split #185,00:00:05.039,00:10:47.085,2023-04-05T20:30:15.417Z
186,Split #186,00:00:03.512,00:10:50.597,2023-04-05T20:30:18.929Z
187,Split #187,00:00:03.669,00:10:54.266,2023-04-05T20:30:22.598Z
188,Split #188,00:00:03.532,00:10:57.798,2023-04-05T20:30:26.130Z
189,Split #189,00:00:03.870,00:11:01.668,2023-04-05T20:30:30.000Z
190,Split #190,00:00:04.228,00:11:05.896,2023-04-05T20:30:34.228Z
191,Split #191,00:00:04.230,00:11:10.126,2023-04-05T20:30:38.458Z
192,Split #192,00:00:02.879,00:11:13.005,2023-04-05T20:30:41.337Z
193,Split #193,00:00:03.715,00:11:16.720,2023-04-05T20:30:45.052Z
194,Split #194,00:00:03.812,00:11:20.532,2023-04-05T20:30:48.864Z
195,Split #195,00:00:03.378,00:11:23.910,2023-04-05T20:30:52.242Z
196,Split #196,00:00:03.531,00:11:27.441,2023-04-05T20:30:55.773Z
197,Split #197,00:00:03.871,00:11:31.312,2023-04-05T20:30:59.644Z
198,Split #198,00:00:03.373,00:11:34.685,2023-04-05T20:31:03.017Z
199,Split #199,00:00:03.667,00:11:38.352,2023-04-05T20:31:06.684Z
200,Split #200,00:00:04.613,00:11:42.965,2023-04-05T20:31:11.297Z
201,Split #201,00:00:04.252,00:11:47.217,2023-04-05T20:31:15.549Z
202,Split #202,00:00:03.274,00:11:50.491,2023-04-05T20:31:18.823Z
203,Split #203,00:00:02.880,00:11:53.371,2023-04-05T20:31:21.703Z
204,Split #204,00:00:02.969,00:11:56.340,2023-04-05T20:31:24.672Z
205,Split #205,00:00:03.038,00:11:59.378,2023-04-05T20:31:27.710Z
206,Split #206,00:00:02.993,00:12:02.371,2023-04-05T20:31:30.703Z
207,Split #207,00:00:03.333,00:12:05.704,2023-04-05T20:31:34.036Z
208,Split #208,00:00:05.554,00:12:11.258,2023-04-05T20:31:39.590Z
209,Split #209,00:00:08.698,00:12:19.956,2023-04-05T20:31:48.288Z
210,Split #210,00:00:03.981,00:12:23.937,2023-04-05T20:31:52.269Z
211,Split #211,00:00:04.680,00:12:28.617,2023-04-05T20:31:56.949Z
212,Split #212,00:00:03.961,00:12:32.578,2023-04-05T20:32:00.910Z
213,Split #213,00:00:04.366,00:12:36.944,2023-04-05T20:32:05.276Z
214,Split #214,00:00:04.455,00:12:41.399,2023-04-05T20:32:09.731Z
215,Split #215,00:00:04.409,00:12:45.808,2023-04-05T20:32:14.140Z
216,Split #216,00:00:05.357,00:12:51.165,2023-04-05T20:32:19.497Z
217,Split #217,00:00:04.340,00:12:55.505,2023-04-05T20:32:23.837Z
218,Split #218,00:00:03.555,00:12:59.060,2023-04-05T20:32:27.392Z
219,Split #219,00:00:03.712,00:13:02.772,2023-04-05T20:32:31.104Z
220,Split #220,00:00:03.648,00:13:06.420,2023-04-05T20:32:34.752Z
221,Split #221,00:00:04.160,00:13:10.580,2023-04-05T20:32:38.912Z
222,Split #222,00:00:03.082,00:13:13.662,2023-04-05T20:32:41.994Z
223,Split #223,00:00:03.465,00:13:17.127,2023-04-05T20:32:45.459Z
224,Split #224,00:00:03.648,00:13:20.775,2023-04-05T20:32:49.107Z
225,Split #225,00:00:04.070,00:13:24.845,2023-04-05T20:32:53.177Z
226,Split #226,00:00:03.916,00:13:28.761,2023-04-05T20:32:57.093Z
227,Split #227,00:00:03.869,00:13:32.630,2023-04-05T20:33:00.962Z
228,Split #228,00:00:03.467,00:13:36.097,2023-04-05T20:33:04.429Z
229,Split #229,00:00:04.070,00:13:40.167,2023-04-05T20:33:08.499Z
230,Split #230,00:00:03.716,00:13:43.883,2023-04-05T20:33:12.215Z
231,Split #231,00:00:03.541,00:13:47.424,2023-04-05T20:33:15.756Z
232,Split #232,00:00:03.411,00:13:50.835,2023-04-05T20:33:19.167Z
233,Split #233,00:00:03.935,00:13:54.770,2023-04-05T20:33:23.102Z
234,Split #234,00:00:03.580,00:13:58.350,2023-04-05T20:33:26.682Z
235,Split #235,00:00:03.507,00:14:01.857,2023-04-05T20:33:30.189Z
236,Split #236,00:00:03.601,00:14:05.458,2023-04-05T20:33:33.790Z
237,Split #237,00:00:03.341,00:14:08.799,2023-04-05T20:33:37.131Z
238,Split #238,00:00:03.342,00:14:12.141,2023-04-05T20:33:40.473Z
239,Split #239,00:00:03.262,00:14:15.403,2023-04-05T20:33:43.735Z
240,Split #240,00:00:03.556,00:14:18.959,2023-04-05T20:33:47.291Z
241,Split #241,00:00:03.152,00:14:22.111,2023-04-05T20:33:50.443Z
242,Split #242,00:00:03.192,00:14:25.303,2023-04-05T20:33:53.635Z
243,Split #243,00:00:03.037,00:14:28.340,2023-04-05T20:33:56.672Z
244,Split #244,00:00:03.398,00:14:31.738,2023-04-05T20:34:00.070Z
245,Split #245,00:00:03.285,00:14:35.023,2023-04-05T20:34:03.355Z
246,Split #246,00:00:04.050,00:14:39.073,2023-04-05T20:34:07.405Z
247,Split #247,00:00:04.117,00:14:43.190,2023-04-05T20:34:11.522Z
248,Split #248,00:00:02.927,00:14:46.117,2023-04-05T20:34:14.449Z
249,Split #249,00:00:04.757,00:14:50.874,2023-04-05T20:34:19.206Z
250,Split #250,00:00:04.365,00:14:55.239,2023-04-05T20:34:23.571Z
251,Split #251,00:00:04.478,00:14:59.717,2023-04-05T20:34:28.049Z
252,Split #252,00:00:04.973,00:15:04.690,2023-04-05T20:34:33.022Z
253,Split #253,00:00:05.153,00:15:09.843,2023-04-05T20:34:38.175Z
254,Split #254,00:00:06.752,00:15:16.595,2023-04-05T20:34:44.927Z
255,Split #255,00:00:04.431,00:15:21.026,2023-04-05T20:34:49.358Z
256,Split #256,00:00:03.755,00:15:24.781,2023-04-05T20:34:53.113Z
257,Split #257,00:00:05.828,00:15:30.609,2023-04-05T20:34:58.941Z
258,Split #258,00:00:12.195,00:15:42.804,2023-04-05T20:35:11.136Z