#,Label,Interval,Total,Time Recorded
000,Start #1,---,---,2023-04-07T20:03:06.115Z
001,Split #1,00:00:04.838,00:00:04.838,2023-04-07T20:03:10.953Z
002,Split #2,00:00:01.709,00:00:06.547,2023-04-07T20:03:12.662Z
003,Split #3,00:00:02.656,00:00:09.203,2023-04-07T20:03:15.318Z
004,Split #4,00:00:02.857,00:00:12.060,2023-04-07T20:03:18.175Z
005,Split #5,00:00:02.700,00:00:14.760,2023-04-07T20:03:20.875Z
006,Split #6,00:00:03.014,00:00:17.774,2023-04-07T20:03:23.889Z
007,Split #7,00:00:02.701,00:00:20.475,2023-04-07T20:03:26.590Z
008,Split #8,00:00:02.882,00:00:23.357,2023-04-07T20:03:29.472Z
009,Split #9,00:00:02.990,00:00:26.347,2023-04-07T20:03:32.462Z
010,Split #10,00:00:03.062,00:00:29.409,2023-04-07T20:03:35.524Z
011,Split #11,00:00:02.923,00:00:32.332,2023-04-07T20:03:38.447Z
012,Split #12,00:00:02.903,00:00:35.235,2023-04-07T20:03:41.350Z
013,Split #13,00:00:03.061,00:00:38.296,2023-04-07T20:03:44.411Z
014,Split #14,00:00:03.330,00:00:41.626,2023-04-07T20:03:47.741Z
015,Split #15,00:00:02.991,00:00:44.617,2023-04-07T20:03:50.732Z
016,Split #16,00:00:02.970,00:00:47.587,2023-04-07T20:03:53.702Z
017,Split #17,00:00:04.163,00:00:51.750,2023-04-07T20:03:57.865Z
018,Split #18,00:00:02.868,00:00:54.618,2023-04-07T20:04:00.733Z
019,Split #19,00:00:03.004,00:00:57.622,2023-04-07T20:04:03.737Z
020,Split #20,00:00:03.105,00:01:00.727,2023-04-07T20:04:06.842Z
021,Split #21,00:00:04.028,00:01:04.755,2023-04-07T20:04:10.870Z
022,Split #22,00:00:02.858,00:01:07.613,2023-04-07T20:04:13.728Z
023,Split #23,00:00:03.127,00:01:10.740,2023-04-07T20:04:16.855Z
024,Split #24,00:00:03.465,00:01:14.205,2023-04-07T20:04:20.320Z
025,Split #25,00:00:02.632,00:01:16.837,2023-04-07T20:04:22.952Z
026,Split #26,00:00:03.690,00:01:20.527,2023-04-07T20:04:26.642Z
027,Split #27,00:00:03.016,00:01:23.543,2023-04-07T20:04:29.658Z
028,Split #28,00:00:02.677,00:01:26.220,2023-04-07T20:04:32.335Z
029,Split #29,00:00:02.914,00:01:29.134,2023-04-07T20:04:35.249Z
030,Split #30,00:00:02.745,00:01:31.879,2023-04-07T20:04:37.994Z
031,Split #31,00:00:02.701,00:01:34.580,2023-04-07T20:04:40.695Z
032,Split #32,00:00:02.958,00:01:37.538,2023-04-07T20:04:43.653Z
033,Split #33,00:00:02.790,00:01:40.328,2023-04-07T20:04:46.443Z
034,Split #34,00:00:03.060,00:01:43.388,2023-04-07T20:04:49.503Z
035,Split #35,00:00:02.994,00:01:46.382,2023-04-07T20:04:52.497Z
036,Split #36,00:00:03.024,00:01:49.406,2023-04-07T20:04:55.521Z
037,Split #37,00:00:03.240,00:01:52.646,2023-04-07T20:04:58.761Z
038,Split #38,00:00:02.725,00:01:55.371,2023-04-07T20:05:01.486Z
039,Split #39,00:00:02.667,00:01:58.038,2023-04-07T20:05:04.153Z
040,Split #40,00:00:02.652,00:02:00.690,2023-04-07T20:05:06.805Z
041,Split #41,00:00:02.677,00:02:03.367,2023-04-07T20:05:09.482Z
042,Split #42,00:00:02.973,00:02:06.340,2023-04-07T20:05:12.455Z
043,Split #43,00:00:02.788,00:02:09.128,2023-04-07T20:05:15.243Z
044,Split #44,00:00:02.858,00:02:11.986,2023-04-07T20:05:18.101Z
045,Split #45,00:00:02.542,00:02:14.528,2023-04-07T20:05:20.643Z
046,Split #46,00:00:02.992,00:02:17.520,2023-04-07T20:05:23.635Z
047,Split #47,00:00:02.948,00:02:20.468,2023-04-07T20:05:26.583Z
048,Split #48,00:00:02.545,00:02:23.013,2023-04-07T20:05:29.128Z
049,Split #49,00:00:03.192,00:02:26.205,2023-04-07T20:05:32.320Z
050,Split #50,00:00:03.804,00:02:30.009,2023-04-07T20:05:36.124Z
051,Split #51,00:00:03.194,00:02:33.203,2023-04-07T20:05:39.318Z
052,Split #52,00:00:02.927,00:02:36.130,2023-04-07T20:05:42.245Z
053,Split #53,00:00:03.058,00:02:39.188,2023-04-07T20:05:45.303Z
054,Split #54,00:00:03.003,00:02:42.191,2023-04-07T20:05:48.306Z
055,Split #55,00:00:03.083,00:02:45.274,2023-04-07T20:05:51.389Z
056,Split #56,00:00:02.858,00:02:48.132,2023-04-07T20:05:54.247Z
057,Split #57,00:00:02.801,00:02:50.933,2023-04-07T20:05:57.048Z
058,Split #58,00:00:02.498,00:02:53.431,2023-04-07T20:05:59.546Z
059,Split #59,00:00:02.542,00:02:55.973,2023-04-07T20:06:02.088Z
060,Split #60,00:00:00.304,00:02:56.277,2023-04-07T20:06:02.392Z
061,Split #61,00:00:02.127,00:02:58.404,2023-04-07T20:06:04.519Z
062,Split #62,00:00:02.542,00:03:00.946,2023-04-07T20:06:07.061Z
063,Split #63,00:00:02.520,00:03:03.466,2023-04-07T20:06:09.581Z
064,Split #64,00:00:02.566,00:03:06.032,2023-04-07T20:06:12.147Z
065,Split #65,00:00:02.429,00:03:08.461,2023-04-07T20:06:14.576Z
066,Split #66,00:00:02.407,00:03:10.868,2023-04-07T20:06:16.983Z
067,Split #67,00:00:02.700,00:03:13.568,2023-04-07T20:06:19.683Z
068,Split #68,00:00:02.734,00:03:16.302,2023-04-07T20:06:22.417Z
069,Split #69,00:00:02.520,00:03:18.822,2023-04-07T20:06:24.937Z
070,Split #70,00:00:02.498,00:03:21.320,2023-04-07T20:06:27.435Z
071,Split #71,00:00:02.610,00:03:23.930,2023-04-07T20:06:30.045Z
072,Split #72,00:00:02.452,00:03:26.382,2023-04-07T20:06:32.497Z
073,Split #73,00:00:02.408,00:03:28.790,2023-04-07T20:06:34.905Z
074,Split #74,00:00:02.474,00:03:31.264,2023-04-07T20:06:37.379Z
075,Split #75,00:00:02.577,00:03:33.841,2023-04-07T20:06:39.956Z
076,Split #76,00:00:02.992,00:03:36.833,2023-04-07T20:06:42.948Z
077,Split #77,00:00:02.757,00:03:39.590,2023-04-07T20:06:45.705Z
078,Split #78,00:00:02.407,00:03:41.997,2023-04-07T20:06:48.112Z
079,Split #79,00:00:03.421,00:03:45.418,2023-04-07T20:06:51.533Z
080,Split #80,00:00:03.105,00:03:48.523,2023-04-07T20:06:54.638Z
081,Split #81,00:00:03.104,00:03:51.627,2023-04-07T20:06:57.742Z
082,Split #82,00:00:03.420,00:03:55.047,2023-04-07T20:07:01.162Z
083,Split #83,00:00:04.231,00:03:59.278,2023-04-07T20:07:05.393Z
084,Split #84,00:00:03.667,00:04:02.945,2023-04-07T20:07:09.060Z
085,Split #85,00:00:03.581,00:04:06.526,2023-04-07T20:07:12.641Z
086,Split #86,00:00:03.527,00:04:10.053,2023-04-07T20:07:16.168Z
087,Split #87,00:00:03.478,00:04:13.531,2023-04-07T20:07:19.646Z
088,Split #88,00:00:03.341,00:04:16.872,2023-04-07T20:07:22.987Z
089,Split #89,00:00:03.196,00:04:20.068,2023-04-07T20:07:26.183Z
090,Split #90,00:00:02.745,00:04:22.813,2023-04-07T20:07:28.928Z
091,Split #91,00:00:05.220,00:04:28.033,2023-04-07T20:07:34.148Z
092,Split #92,00:00:03.172,00:04:31.205,2023-04-07T20:07:37.320Z
093,Split #93,00:00:03.308,00:04:34.513,2023-04-07T20:07:40.628Z
094,Split #94,00:00:03.442,00:04:37.955,2023-04-07T20:07:44.070Z
095,Split #95,00:00:03.691,00:04:41.646,2023-04-07T20:07:47.761Z
096,Split #96,00:00:03.105,00:04:44.751,2023-04-07T20:07:50.866Z
097,Split #97,00:00:02.958,00:04:47.709,2023-04-07T20:07:53.824Z
098,Split #98,00:00:03.173,00:04:50.882,2023-04-07T20:07:56.997Z
099,Split #99,00:00:05.186,00:04:56.068,2023-04-07T20:08:02.183Z
100,Split #100,00:00:02.677,00:04:58.745,2023-04-07T20:08:04.860Z
101,Split #101,00:00:03.343,00:05:02.088,2023-04-07T20:08:08.203Z
102,Split #102,00:00:03.105,00:05:05.193,2023-04-07T20:08:11.308Z
103,Split #103,00:00:03.104,00:05:08.297,2023-04-07T20:08:14.412Z
104,Split #104,00:00:03.172,00:05:11.469,2023-04-07T20:08:17.584Z
105,Split #105,00:00:03.083,00:05:14.552,2023-04-07T20:08:20.667Z
106,Split #106,00:00:03.206,00:05:17.758,2023-04-07T20:08:23.873Z
107,Split #107,00:00:03.814,00:05:21.572,2023-04-07T20:08:27.687Z
108,Split #108,00:00:03.037,00:05:24.609,2023-04-07T20:08:30.724Z
109,Split #109,00:00:03.106,00:05:27.715,2023-04-07T20:08:33.830Z
110,Split #110,00:00:03.105,00:05:30.820,2023-04-07T20:08:36.935Z
111,Split #111,00:00:03.871,00:05:34.691,2023-04-07T20:08:40.806Z
112,Split #112,00:00:03.464,00:05:38.155,2023-04-07T20:08:44.270Z
113,Split #113,00:00:02.542,00:05:40.697,2023-04-07T20:08:46.812Z
114,Split #114,00:00:03.150,00:05:43.847,2023-04-07T20:08:49.962Z
115,Split #115,00:00:03.645,00:05:47.492,2023-04-07T20:08:53.607Z
116,Split #116,00:00:03.082,00:05:50.574,2023-04-07T20:08:56.689Z
117,Split #117,00:00:02.993,00:05:53.567,2023-04-07T20:08:59.682Z
118,Split #118,00:00:02.903,00:05:56.470,2023-04-07T20:09:02.585Z
119,Split #119,00:00:03.577,00:06:00.047,2023-04-07T20:09:06.162Z
120,Split #120,00:00:03.184,00:06:03.231,2023-04-07T20:09:09.346Z
121,Split #121,00:00:02.947,00:06:06.178,2023-04-07T20:09:12.293Z
122,Split #122,00:00:03.017,00:06:09.195,2023-04-07T20:09:15.310Z
123,Split #123,00:00:03.036,00:06:12.231,2023-04-07T20:09:18.346Z
124,Split #124,00:00:02.857,00:06:15.088,2023-04-07T20:09:21.203Z
125,Split #125,00:00:02.905,00:06:17.993,2023-04-07T20:09:24.108Z
126,Split #126,00:00:03.081,00:06:21.074,2023-04-07T20:09:27.189Z
127,Split #127,00:00:01.080,00:06:22.154,2023-04-07T20:09:28.269Z
128,Split #128,00:00:02.767,00:06:24.921,2023-04-07T20:09:31.036Z
129,Split #129,00:00:03.174,00:06:28.095,2023-04-07T20:09:34.210Z
130,Split #130,00:00:02.923,00:06:31.018,2023-04-07T20:09:37.133Z
131,Split #131,00:00:02.881,00:06:33.899,2023-04-07T20:09:40.014Z
132,Split #132,00:00:03.781,00:06:37.680,2023-04-07T20:09:43.795Z
133,Split #133,00:00:03.193,00:06:40.873,2023-04-07T20:09:46.988Z
134,Split #134,00:00:02.725,00:06:43.598,2023-04-07T20:09:49.713Z
135,Split #135,00:00:04.554,00:06:48.152,2023-04-07T20:09:54.267Z
136,Split #136,00:00:05.716,00:06:53.868,2023-04-07T20:09:59.983Z
137,Split #137,00:00:03.779,00:06:57.647,2023-04-07T20:10:03.762Z
138,Split #138,00:00:03.680,00:07:01.327,2023-04-07T20:10:07.442Z
139,Split #139,00:00:03.532,00:07:04.859,2023-04-07T20:10:10.974Z
140,Split #140,00:00:03.693,00:07:08.552,2023-04-07T20:10:14.667Z
141,Split #141,00:00:03.080,00:07:11.632,2023-04-07T20:10:17.747Z
142,Split #142,00:00:02.879,00:07:14.511,2023-04-07T20:10:20.626Z
143,Split #143,00:00:04.141,00:07:18.652,2023-04-07T20:10:24.767Z
144,Split #144,00:00:02.948,00:07:21.600,2023-04-07T20:10:27.715Z
145,Split #145,00:00:02.789,00:07:24.389,2023-04-07T20:10:30.504Z
146,Split #146,00:00:02.949,00:07:27.338,2023-04-07T20:10:33.453Z
147,Split #147,00:00:02.923,00:07:30.261,2023-04-07T20:10:36.376Z
148,Split #148,00:00:03.061,00:07:33.322,2023-04-07T20:10:39.437Z
149,Split #149,00:00:02.970,00:07:36.292,2023-04-07T20:10:42.407Z
150,Split #150,00:00:02.835,00:07:39.127,2023-04-07T20:10:45.242Z
151,Split #151,00:00:03.172,00:07:42.299,2023-04-07T20:10:48.414Z
152,Split #152,00:00:03.038,00:07:45.337,2023-04-07T20:10:51.452Z
153,Split #153,00:00:03.172,00:07:48.509,2023-04-07T20:10:54.624Z
154,Split #154,00:00:03.251,00:07:51.760,2023-04-07T20:10:57.875Z
155,Split #155,00:00:02.903,00:07:54.663,2023-04-07T20:11:00.778Z
156,Split #156,00:00:02.790,00:07:57.453,2023-04-07T20:11:03.568Z
157,Split #157,00:00:03.241,00:08:00.694,2023-04-07T20:11:06.809Z
158,Split #158,00:00:03.228,00:08:03.922,2023-04-07T20:11:10.037Z
159,Split #159,00:00:02.633,00:08:06.555,2023-04-07T20:11:12.670Z
160,Split #160,00:00:02.902,00:08:09.457,2023-04-07T20:11:15.572Z
161,Split #161,00:00:03.128,00:08:12.585,2023-04-07T20:11:18.700Z
162,Split #162,00:00:02.746,00:08:15.331,2023-04-07T20:11:21.446Z
163,Split #163,00:00:02.914,00:08:18.245,2023-04-07T20:11:24.360Z
164,Split #164,00:00:03.802,00:08:22.047,2023-04-07T20:11:28.162Z
165,Split #165,00:00:03.711,00:08:25.758,2023-04-07T20:11:31.873Z
166,Split #166,00:00:03.746,00:08:29.504,2023-04-07T20:11:35.619Z
167,Split #167,00:00:02.768,00:08:32.272,2023-04-07T20:11:38.387Z
168,Split #168,00:00:03.285,00:08:35.557,2023-04-07T20:11:41.672Z
169,Split #169,00:00:03.466,00:08:39.023,2023-04-07T20:11:45.138Z
170,Split #170,00:00:03.261,00:08:42.284,2023-04-07T20:11:48.399Z
171,Split #171,00:00:02.836,00:08:45.120,2023-04-07T20:11:51.235Z
172,Split #172,00:00:03.623,00:08:48.743,2023-04-07T20:11:54.858Z
173,Split #173,00:00:03.577,00:08:52.320,2023-04-07T20:11:58.435Z
174,Split #174,00:00:03.510,00:08:55.830,2023-04-07T20:12:01.945Z
175,Split #175,00:00:03.781,00:08:59.611,2023-04-07T20:12:05.726Z
176,Split #176,00:00:03.375,00:09:02.986,2023-04-07T20:12:09.101Z
177,Split #177,00:00:03.441,00:09:06.427,2023-04-07T20:12:12.542Z
178,Split #178,00:00:03.544,00:09:09.971,2023-04-07T20:12:16.086Z
179,Split #179,00:00:03.601,00:09:13.572,2023-04-07T20:12:19.687Z
180,Split #180,00:00:03.532,00:09:17.104,2023-04-07T20:12:23.219Z
181,Split #181,00:00:02.566,00:09:19.670,2023-04-07T20:12:25.785Z
182,Split #182,00:00:02.744,00:09:22.414,2023-04-07T20:12:28.529Z
183,Split #183,00:00:02.745,00:09:25.159,2023-04-07T20:12:31.274Z
184,Split #184,00:00:02.902,00:09:28.061,2023-04-07T20:12:34.176Z
185,Split #185,00:00:02.858,00:09:30.919,2023-04-07T20:12:37.034Z
186,Split #186,00:00:03.341,00:09:34.260,2023-04-07T20:12:40.375Z
187,Split #187,00:00:02.836,00:09:37.096,2023-04-07T20:12:43.211Z
188,Split #188,00:00:03.612,00:09:40.708,2023-04-07T20:12:46.823Z
189,Split #189,00:00:02.991,00:09:43.699,2023-04-07T20:12:49.814Z
190,Split #190,00:00:02.981,00:09:46.680,2023-04-07T20:12:52.795Z
191,Split #191,00:00:02.746,00:09:49.426,2023-04-07T20:12:55.541Z
192,Split #192,00:00:02.768,00:09:52.194,2023-04-07T20:12:58.309Z
193,Split #193,00:00:02.879,00:09:55.073,2023-04-07T20:13:01.188Z
194,Split #194,00:00:03.060,00:09:58.133,2023-04-07T20:13:04.248Z
195,Split #195,00:00:02.700,00:10:00.833,2023-04-07T20:13:06.948Z
196,Split #196,00:00:03.478,00:10:04.311,2023-04-07T20:13:10.426Z
197,Split #197,00:00:02.855,00:10:07.166,2023-04-07T20:13:13.281Z
198,Split #198,00:00:02.883,00:10:10.049,2023-04-07T20:13:16.164Z
199,Split #199,00:00:03.263,00:10:13.312,2023-04-07T20:13:19.427Z
200,Split #200,00:00:03.710,00:10:17.022,2023-04-07T20:13:23.137Z
201,Split #201,00:00:02.902,00:10:19.924,2023-04-07T20:13:26.039Z
202,Split #202,00:00:03.499,00:10:23.423,2023-04-07T20:13:29.538Z
203,Split #203,00:00:03.049,00:10:26.472,2023-04-07T20:13:32.587Z
204,Split #204,00:00:03.377,00:10:29.849,2023-04-07T20:13:35.964Z
205,Split #205,00:00:03.014,00:10:32.863,2023-04-07T20:13:38.978Z
206,Split #206,00:00:02.970,00:10:35.833,2023-04-07T20:13:41.948Z
207,Split #207,00:00:04.253,00:10:40.086,2023-04-07T20:13:46.201Z
208,Split #208,00:00:07.009,00:10:47.095,2023-04-07T20:13:53.210Z
209,Split #209,00:00:02.924,00:10:50.019,2023-04-07T20:13:56.134Z
210,Split #210,00:00:04.050,00:10:54.069,2023-04-07T20:14:00.184Z
211,Split #211,00:00:03.802,00:10:57.871,2023-04-07T20:14:03.986Z
212,Split #212,00:00:03.848,00:11:01.719,2023-04-07T20:14:07.834Z
213,Split #213,00:00:03.735,00:11:05.454,2023-04-07T20:14:11.569Z
214,Split #214,00:00:03.656,00:11:09.110,2023-04-07T20:14:15.225Z
215,Split #215,00:00:03.982,00:11:13.092,2023-04-07T20:14:19.207Z
216,Split #216,00:00:03.758,00:11:16.850,2023-04-07T20:14:22.965Z
217,Split #217,00:00:03.106,00:11:19.956,2023-04-07T20:14:26.071Z
218,Split #218,00:00:03.150,00:11:23.106,2023-04-07T20:14:29.221Z
219,Split #219,00:00:03.486,00:11:26.592,2023-04-07T20:14:32.707Z
220,Split #220,00:00:03.172,00:11:29.764,2023-04-07T20:14:35.879Z
221,Split #221,00:00:03.141,00:11:32.905,2023-04-07T20:14:39.020Z
222,Split #222,00:00:02.903,00:11:35.808,2023-04-07T20:14:41.923Z
223,Split #223,00:00:03.440,00:11:39.248,2023-04-07T20:14:45.363Z
224,Split #224,00:00:03.398,00:11:42.646,2023-04-07T20:14:48.761Z
225,Split #225,00:00:03.690,00:11:46.336,2023-04-07T20:14:52.451Z
226,Split #226,00:00:04.050,00:11:50.386,2023-04-07T20:14:56.501Z
227,Split #227,00:00:02.947,00:11:53.333,2023-04-07T20:14:59.448Z
228,Split #228,00:00:04.388,00:11:57.721,2023-04-07T20:15:03.836Z
229,Split #229,00:00:03.713,00:12:01.434,2023-04-07T20:15:07.549Z
230,Split #230,00:00:03.307,00:12:04.741,2023-04-07T20:15:10.856Z
231,Split #231,00:00:03.174,00:12:07.915,2023-04-07T20:15:14.030Z
232,Split #232,00:00:03.689,00:12:11.604,2023-04-07T20:15:17.719Z
233,Split #233,00:00:03.105,00:12:14.709,2023-04-07T20:15:20.824Z
234,Split #234,00:00:03.173,00:12:17.882,2023-04-07T20:15:23.997Z
235,Split #235,00:00:03.644,00:12:21.526,2023-04-07T20:15:27.641Z
236,Split #236,00:00:03.398,00:12:24.924,2023-04-07T20:15:31.039Z
237,Split #237,00:00:02.812,00:12:27.736,2023-04-07T20:15:33.851Z
238,Split #238,00:00:02.432,00:12:30.168,2023-04-07T20:15:36.283Z
239,Split #239,00:00:02.700,00:12:32.868,2023-04-07T20:15:38.983Z
240,Split #240,00:00:03.036,00:12:35.904,2023-04-07T20:15:42.019Z
241,Split #241,00:00:02.949,00:12:38.853,2023-04-07T20:15:44.968Z
242,Split #242,00:00:04.882,00:12:43.735,2023-04-07T20:15:49.850Z
243,Split #243,00:00:03.419,00:12:47.154,2023-04-07T20:15:53.269Z
244,Split #244,00:00:03.240,00:12:50.394,2023-04-07T20:15:56.509Z
245,Split #245,00:00:03.082,00:12:53.476,2023-04-07T20:15:59.591Z
246,Split #246,00:00:02.386,00:12:55.862,2023-04-07T20:16:01.977Z
247,Split #247,00:00:03.242,00:12:59.104,2023-04-07T20:16:05.219Z
248,Split #248,00:00:02.811,00:13:01.915,2023-04-07T20:16:08.030Z
249,Split #249,00:00:02.927,00:13:04.842,2023-04-07T20:16:10.957Z
250,Split #250,00:00:03.036,00:13:07.878,2023-04-07T20:16:13.993Z
251,Split #251,00:00:03.240,00:13:11.118,2023-04-07T20:16:17.233Z
252,Split #252,00:00:04.118,00:13:15.236,2023-04-07T20:16:21.351Z
253,Split #253,00:00:02.127,00:13:17.363,2023-04-07T20:16:23.478Z
254,Split #254,00:00:00.764,00:13:18.127,2023-04-07T20:16:24.242Z
255,Split #255,00:00:02.499,00:13:20.626,2023-04-07T20:16:26.741Z
256,Split #256,00:00:03.824,00:13:24.450,2023-04-07T20:16:30.565Z
257,Split #257,00:00:06.235,00:13:30.685,2023-04-07T20:16:36.800Z