#,Label,Interval,Total,Time Recorded
000,Start #1,---,---,2023-04-04T14:35:47.909Z
001,Split #1,00:00:12.561,00:00:12.561,2023-04-04T14:36:00.470Z
002,Split #2,00:00:02.100,00:00:14.661,2023-04-04T14:36:02.570Z
003,Split #3,00:00:03.654,00:00:18.315,2023-04-04T14:36:06.224Z
004,Split #4,00:00:03.689,00:00:22.004,2023-04-04T14:36:09.913Z
005,Split #5,00:00:03.600,00:00:25.604,2023-04-04T14:36:13.513Z
006,Split #6,00:00:03.893,00:00:29.497,2023-04-04T14:36:17.406Z
007,Split #7,00:00:03.736,00:00:33.233,2023-04-04T14:36:21.142Z
008,Split #8,00:00:03.918,00:00:37.151,2023-04-04T14:36:25.060Z
009,Split #9,00:00:04.834,00:00:41.985,2023-04-04T14:36:29.894Z
010,Split #10,00:00:03.893,00:00:45.878,2023-04-04T14:36:33.787Z
011,Split #11,00:00:03.836,00:00:49.714,2023-04-04T14:36:37.623Z
012,Split #12,00:00:03.711,00:00:53.425,2023-04-04T14:36:41.334Z
013,Split #13,00:00:03.600,00:00:57.025,2023-04-04T14:36:44.934Z
014,Split #14,00:00:03.749,00:01:00.774,2023-04-04T14:36:48.683Z
015,Split #15,00:00:03.509,00:01:04.283,2023-04-04T14:36:52.192Z
016,Split #16,00:00:03.542,00:01:07.825,2023-04-04T14:36:55.734Z
017,Split #17,00:00:03.939,00:01:11.764,2023-04-04T14:36:59.673Z
018,Split #18,00:00:04.252,00:01:16.016,2023-04-04T14:37:03.925Z
019,Split #19,00:00:03.421,00:01:19.437,2023-04-04T14:37:07.346Z
020,Split #20,00:00:03.353,00:01:22.790,2023-04-04T14:37:10.699Z
021,Split #21,00:00:03.373,00:01:26.163,2023-04-04T14:37:14.072Z
022,Split #22,00:00:03.759,00:01:29.922,2023-04-04T14:37:17.831Z
023,Split #23,00:00:03.465,00:01:33.387,2023-04-04T14:37:21.296Z
024,Split #24,00:00:03.442,00:01:36.829,2023-04-04T14:37:24.738Z
025,Split #25,00:00:03.949,00:01:40.778,2023-04-04T14:37:28.687Z
026,Split #26,00:00:04.320,00:01:45.098,2023-04-04T14:37:33.007Z
027,Split #27,00:00:03.488,00:01:48.586,2023-04-04T14:37:36.495Z
028,Split #28,00:00:03.712,00:01:52.298,2023-04-04T14:37:40.207Z
029,Split #29,00:00:03.645,00:01:55.943,2023-04-04T14:37:43.852Z
030,Split #30,00:00:03.870,00:01:59.813,2023-04-04T14:37:47.722Z
031,Split #31,00:00:03.668,00:02:03.481,2023-04-04T14:37:51.390Z
032,Split #32,00:00:03.915,00:02:07.396,2023-04-04T14:37:55.305Z
033,Split #33,00:00:03.578,00:02:10.974,2023-04-04T14:37:58.883Z
034,Split #34,00:00:04.443,00:02:15.417,2023-04-04T14:38:03.326Z
035,Split #35,00:00:04.096,00:02:19.513,2023-04-04T14:38:07.422Z
036,Split #36,00:00:03.790,00:02:23.303,2023-04-04T14:38:11.212Z
037,Split #37,00:00:04.175,00:02:27.478,2023-04-04T14:38:15.387Z
038,Split #38,00:00:03.490,00:02:30.968,2023-04-04T14:38:18.877Z
039,Split #39,00:00:03.686,00:02:34.654,2023-04-04T14:38:22.563Z
040,Split #40,00:00:03.556,00:02:38.210,2023-04-04T14:38:26.119Z
041,Split #41,00:00:03.760,00:02:41.970,2023-04-04T14:38:29.879Z
042,Split #42,00:00:04.363,00:02:46.333,2023-04-04T14:38:34.242Z
043,Split #43,00:00:03.328,00:02:49.661,2023-04-04T14:38:37.570Z
044,Split #44,00:00:04.007,00:02:53.668,2023-04-04T14:38:41.577Z
045,Split #45,00:00:03.557,00:02:57.225,2023-04-04T14:38:45.134Z
046,Split #46,00:00:03.778,00:03:01.003,2023-04-04T14:38:48.912Z
047,Split #47,00:00:03.261,00:03:04.264,2023-04-04T14:38:52.173Z
048,Split #48,00:00:03.309,00:03:07.573,2023-04-04T14:38:55.482Z
049,Split #49,00:00:03.330,00:03:10.903,2023-04-04T14:38:58.812Z
050,Split #50,00:00:03.914,00:03:14.817,2023-04-04T14:39:02.726Z
051,Split #51,00:00:03.625,00:03:18.442,2023-04-04T14:39:06.351Z
052,Split #52,00:00:03.507,00:03:21.949,2023-04-04T14:39:09.858Z
053,Split #53,00:00:03.320,00:03:25.269,2023-04-04T14:39:13.178Z
054,Split #54,00:00:03.510,00:03:28.779,2023-04-04T14:39:16.688Z
055,Split #55,00:00:03.374,00:03:32.153,2023-04-04T14:39:20.062Z
056,Split #56,00:00:03.488,00:03:35.641,2023-04-04T14:39:23.550Z
057,Split #57,00:00:03.397,00:03:39.038,2023-04-04T14:39:26.947Z
058,Split #58,00:00:03.995,00:03:43.033,2023-04-04T14:39:30.942Z
059,Split #59,00:00:03.623,00:03:46.656,2023-04-04T14:39:34.565Z
060,Split #60,00:00:03.375,00:03:50.031,2023-04-04T14:39:37.940Z
061,Split #61,00:00:03.577,00:03:53.608,2023-04-04T14:39:41.517Z
062,Split #62,00:00:03.330,00:03:56.938,2023-04-04T14:39:44.847Z
063,Split #63,00:00:03.039,00:03:59.977,2023-04-04T14:39:47.886Z
064,Split #64,00:00:03.037,00:04:03.014,2023-04-04T14:39:50.923Z
065,Split #65,00:00:03.334,00:04:06.348,2023-04-04T14:39:54.257Z
066,Split #66,00:00:04.022,00:04:10.370,2023-04-04T14:39:58.279Z
067,Split #67,00:00:03.466,00:04:13.836,2023-04-04T14:40:01.745Z
068,Split #68,00:00:03.264,00:04:17.100,2023-04-04T14:40:05.009Z
069,Split #69,00:00:03.305,00:04:20.405,2023-04-04T14:40:08.314Z
070,Split #70,00:00:03.814,00:04:24.219,2023-04-04T14:40:12.128Z
071,Split #71,00:00:04.073,00:04:28.292,2023-04-04T14:40:16.201Z
072,Split #72,00:00:03.802,00:04:32.094,2023-04-04T14:40:20.003Z
073,Split #73,00:00:03.668,00:04:35.762,2023-04-04T14:40:23.671Z
074,Split #74,00:00:05.311,00:04:41.073,2023-04-04T14:40:28.982Z
075,Split #75,00:00:04.858,00:04:45.931,2023-04-04T14:40:33.840Z
076,Split #76,00:00:04.545,00:04:50.476,2023-04-04T14:40:38.385Z
077,Split #77,00:00:04.951,00:04:55.427,2023-04-04T14:40:43.336Z
078,Split #78,00:00:06.729,00:05:02.156,2023-04-04T14:40:50.065Z
079,Split #79,00:00:04.790,00:05:06.946,2023-04-04T14:40:54.855Z
080,Split #80,00:00:04.997,00:05:11.943,2023-04-04T14:40:59.852Z
081,Split #81,00:00:05.241,00:05:17.184,2023-04-04T14:41:05.093Z
082,Split #82,00:00:05.333,00:05:22.517,2023-04-04T14:41:10.426Z
083,Split #83,00:00:04.310,00:05:26.827,2023-04-04T14:41:14.736Z
084,Split #84,00:00:04.276,00:05:31.103,2023-04-04T14:41:19.012Z
085,Split #85,00:00:05.175,00:05:36.278,2023-04-04T14:41:24.187Z
086,Split #86,00:00:04.340,00:05:40.618,2023-04-04T14:41:28.527Z
087,Split #87,00:00:04.140,00:05:44.758,2023-04-04T14:41:32.667Z
088,Split #88,00:00:03.668,00:05:48.426,2023-04-04T14:41:36.335Z
089,Split #89,00:00:05.535,00:05:53.961,2023-04-04T14:41:41.870Z
090,Split #90,00:00:04.838,00:05:58.799,2023-04-04T14:41:46.708Z
091,Split #91,00:00:03.936,00:06:02.735,2023-04-04T14:41:50.644Z
092,Split #92,00:00:04.073,00:06:06.808,2023-04-04T14:41:54.717Z
093,Split #93,00:00:04.143,00:06:10.951,2023-04-04T14:41:58.860Z
094,Split #94,00:00:04.251,00:06:15.202,2023-04-04T14:42:03.111Z
095,Split #95,00:00:04.206,00:06:19.408,2023-04-04T14:42:07.317Z
096,Split #96,00:00:04.063,00:06:23.471,2023-04-04T14:42:11.380Z
097,Split #97,00:00:04.352,00:06:27.823,2023-04-04T14:42:15.732Z
098,Split #98,00:00:04.457,00:06:32.280,2023-04-04T14:42:20.189Z
099,Split #99,00:00:03.778,00:06:36.058,2023-04-04T14:42:23.967Z
100,Split #100,00:00:04.007,00:06:40.065,2023-04-04T14:42:27.974Z
101,Split #101,00:00:04.094,00:06:44.159,2023-04-04T14:42:32.068Z
102,Split #102,00:00:04.252,00:06:48.411,2023-04-04T14:42:36.320Z
103,Split #103,00:00:04.074,00:06:52.485,2023-04-04T14:42:40.394Z
104,Split #104,00:00:04.252,00:06:56.737,2023-04-04T14:42:44.646Z
105,Split #105,00:00:04.255,00:07:00.992,2023-04-04T14:42:48.901Z
106,Split #106,00:00:04.238,00:07:05.230,2023-04-04T14:42:53.139Z
107,Split #107,00:00:04.141,00:07:09.371,2023-04-04T14:42:57.280Z
108,Split #108,00:00:03.982,00:07:13.353,2023-04-04T14:43:01.262Z
109,Split #109,00:00:04.322,00:07:17.675,2023-04-04T14:43:05.584Z
110,Split #110,00:00:04.139,00:07:21.814,2023-04-04T14:43:09.723Z
111,Split #111,00:00:04.184,00:07:25.998,2023-04-04T14:43:13.907Z
112,Split #112,00:00:04.030,00:07:30.028,2023-04-04T14:43:17.937Z
113,Split #113,00:00:04.228,00:07:34.256,2023-04-04T14:43:22.165Z
114,Split #114,00:00:04.074,00:07:38.330,2023-04-04T14:43:26.239Z
115,Split #115,00:00:04.194,00:07:42.524,2023-04-04T14:43:30.433Z
116,Split #116,00:00:04.119,00:07:46.643,2023-04-04T14:43:34.552Z
117,Split #117,00:00:04.206,00:07:50.849,2023-04-04T14:43:38.758Z
118,Split #118,00:00:04.366,00:07:55.215,2023-04-04T14:43:43.124Z
119,Split #119,00:00:04.951,00:08:00.166,2023-04-04T14:43:48.075Z
120,Split #120,00:00:04.273,00:08:04.439,2023-04-04T14:43:52.348Z
121,Split #121,00:00:04.951,00:08:09.390,2023-04-04T14:43:57.299Z
122,Split #122,00:00:06.279,00:08:15.669,2023-04-04T14:44:03.578Z
123,Split #123,00:00:03.916,00:08:19.585,2023-04-04T14:44:07.494Z
124,Split #124,00:00:03.668,00:08:23.253,2023-04-04T14:44:11.162Z
125,Split #125,00:00:03.980,00:08:27.233,2023-04-04T14:44:15.142Z
126,Split #126,00:00:04.680,00:08:31.913,2023-04-04T14:44:19.822Z
127,Split #127,00:00:03.803,00:08:35.716,2023-04-04T14:44:23.625Z
128,Split #128,00:00:03.308,00:08:39.024,2023-04-04T14:44:26.933Z
129,Split #129,00:00:04.070,00:08:43.094,2023-04-04T14:44:31.003Z
130,Split #130,00:00:04.040,00:08:47.134,2023-04-04T14:44:35.043Z
131,Split #131,00:00:04.433,00:08:51.567,2023-04-04T14:44:39.476Z
132,Split #132,00:00:05.041,00:08:56.608,2023-04-04T14:44:44.517Z
133,Split #133,00:00:08.584,00:09:05.192,2023-04-04T14:44:53.101Z
134,Split #134,00:00:08.009,00:09:13.201,2023-04-04T14:45:01.110Z
135,Split #135,00:00:05.671,00:09:18.872,2023-04-04T14:45:06.781Z
136,Split #136,00:00:05.175,00:09:24.047,2023-04-04T14:45:11.956Z
137,Split #137,00:00:05.298,00:09:29.345,2023-04-04T14:45:17.254Z
138,Split #138,00:00:06.547,00:09:35.892,2023-04-04T14:45:23.801Z
139,Split #139,00:00:04.792,00:09:40.684,2023-04-04T14:45:28.593Z
140,Split #140,00:00:04.614,00:09:45.298,2023-04-04T14:45:33.207Z
141,Split #141,00:00:04.927,00:09:50.225,2023-04-04T14:45:38.134Z
142,Split #142,00:00:04.974,00:09:55.199,2023-04-04T14:45:43.108Z
143,Split #143,00:00:03.464,00:09:58.663,2023-04-04T14:45:46.572Z
144,Split #144,00:00:03.340,00:10:02.003,2023-04-04T14:45:49.912Z
145,Split #145,00:00:03.634,00:10:05.637,2023-04-04T14:45:53.546Z
146,Split #146,00:00:04.252,00:10:09.889,2023-04-04T14:45:57.798Z
147,Split #147,00:00:03.198,00:10:13.087,2023-04-04T14:46:00.996Z
148,Split #148,00:00:03.779,00:10:16.866,2023-04-04T14:46:04.775Z
149,Split #149,00:00:03.756,00:10:20.622,2023-04-04T14:46:08.531Z
150,Split #150,00:00:04.166,00:10:24.788,2023-04-04T14:46:12.697Z
151,Split #151,00:00:04.295,00:10:29.083,2023-04-04T14:46:16.992Z
152,Split #152,00:00:04.210,00:10:33.293,2023-04-04T14:46:21.202Z
153,Split #153,00:00:04.137,00:10:37.430,2023-04-04T14:46:25.339Z
154,Split #154,00:00:03.915,00:10:41.345,2023-04-04T14:46:29.254Z
155,Split #155,00:00:03.667,00:10:45.012,2023-04-04T14:46:32.921Z
156,Split #156,00:00:03.725,00:10:48.737,2023-04-04T14:46:36.646Z
157,Split #157,00:00:03.253,00:10:51.990,2023-04-04T14:46:39.899Z
158,Split #158,00:00:03.170,00:10:55.160,2023-04-04T14:46:43.069Z
159,Split #159,00:00:03.443,00:10:58.603,2023-04-04T14:46:46.512Z
160,Split #160,00:00:03.489,00:11:02.092,2023-04-04T14:46:50.001Z
161,Split #161,00:00:03.352,00:11:05.444,2023-04-04T14:46:53.353Z
162,Split #162,00:00:04.206,00:11:09.650,2023-04-04T14:46:57.559Z
163,Split #163,00:00:03.713,00:11:13.363,2023-04-04T14:47:01.272Z
164,Split #164,00:00:03.691,00:11:17.054,2023-04-04T14:47:04.963Z
165,Split #165,00:00:03.668,00:11:20.722,2023-04-04T14:47:08.631Z
166,Split #166,00:00:04.228,00:11:24.950,2023-04-04T14:47:12.859Z
167,Split #167,00:00:03.734,00:11:28.684,2023-04-04T14:47:16.593Z
168,Split #168,00:00:03.569,00:11:32.253,2023-04-04T14:47:20.162Z
169,Split #169,00:00:03.562,00:11:35.815,2023-04-04T14:47:23.724Z
170,Split #170,00:00:04.323,00:11:40.138,2023-04-04T14:47:28.047Z
171,Split #171,00:00:03.376,00:11:43.514,2023-04-04T14:47:31.423Z
172,Split #172,00:00:03.558,00:11:47.072,2023-04-04T14:47:34.981Z
173,Split #173,00:00:03.613,00:11:50.685,2023-04-04T14:47:38.594Z
174,Split #174,00:00:03.827,00:11:54.512,2023-04-04T14:47:42.421Z
175,Split #175,00:00:03.376,00:11:57.888,2023-04-04T14:47:45.797Z
176,Split #176,00:00:03.579,00:12:01.467,2023-04-04T14:47:49.376Z
177,Split #177,00:00:03.668,00:12:05.135,2023-04-04T14:47:53.044Z
178,Split #178,00:00:04.074,00:12:09.209,2023-04-04T14:47:57.118Z
179,Split #179,00:00:03.936,00:12:13.145,2023-04-04T14:48:01.054Z
180,Split #180,00:00:03.353,00:12:16.498,2023-04-04T14:48:04.407Z
181,Split #181,00:00:02.723,00:12:19.221,2023-04-04T14:48:07.130Z
182,Split #182,00:00:03.492,00:12:22.713,2023-04-04T14:48:10.622Z
183,Split #183,00:00:03.236,00:12:25.949,2023-04-04T14:48:13.858Z
184,Split #184,00:00:03.376,00:12:29.325,2023-04-04T14:48:17.234Z
185,Split #185,00:00:04.141,00:12:33.466,2023-04-04T14:48:21.375Z
186,Split #186,00:00:03.892,00:12:37.358,2023-04-04T14:48:25.267Z
187,Split #187,00:00:03.531,00:12:40.889,2023-04-04T14:48:28.798Z
188,Split #188,00:00:03.421,00:12:44.310,2023-04-04T14:48:32.219Z
189,Split #189,00:00:03.150,00:12:47.460,2023-04-04T14:48:35.369Z
190,Split #190,00:00:03.355,00:12:50.815,2023-04-04T14:48:38.724Z
191,Split #191,00:00:03.442,00:12:54.257,2023-04-04T14:48:42.166Z
192,Split #192,00:00:03.194,00:12:57.451,2023-04-04T14:48:45.360Z
193,Split #193,00:00:03.126,00:13:00.577,2023-04-04T14:48:48.486Z
194,Split #194,00:00:03.206,00:13:03.783,2023-04-04T14:48:51.692Z
195,Split #195,00:00:03.207,00:13:06.990,2023-04-04T14:48:54.899Z
196,Split #196,00:00:03.466,00:13:10.456,2023-04-04T14:48:58.365Z
197,Split #197,00:00:03.150,00:13:13.606,2023-04-04T14:49:01.515Z
198,Split #198,00:00:03.297,00:13:16.903,2023-04-04T14:49:04.812Z
199,Split #199,00:00:03.353,00:13:20.256,2023-04-04T14:49:08.165Z
200,Split #200,00:00:03.069,00:13:23.325,2023-04-04T14:49:11.234Z
201,Split #201,00:00:03.345,00:13:26.670,2023-04-04T14:49:14.579Z
202,Split #202,00:00:03.305,00:13:29.975,2023-04-04T14:49:17.884Z
203,Split #203,00:00:03.309,00:13:33.284,2023-04-04T14:49:21.193Z
204,Split #204,00:00:03.238,00:13:36.522,2023-04-04T14:49:24.431Z
205,Split #205,00:00:03.152,00:13:39.674,2023-04-04T14:49:27.583Z
206,Split #206,00:00:03.959,00:13:43.633,2023-04-04T14:49:31.542Z
207,Split #207,00:00:03.691,00:13:47.324,2023-04-04T14:49:35.233Z
208,Split #208,00:00:03.687,00:13:51.011,2023-04-04T14:49:38.920Z
209,Split #209,00:00:06.732,00:13:57.743,2023-04-04T14:49:45.652Z
210,Split #210,00:00:08.054,00:14:05.797,2023-04-04T14:49:53.706Z
211,Split #211,00:00:06.367,00:14:12.164,2023-04-04T14:50:00.073Z
212,Split #212,00:00:05.803,00:14:17.967,2023-04-04T14:50:05.876Z
213,Split #213,00:00:05.558,00:14:23.525,2023-04-04T14:50:11.434Z
214,Split #214,00:00:07.167,00:14:30.692,2023-04-04T14:50:18.601Z
215,Split #215,00:00:05.579,00:14:36.271,2023-04-04T14:50:24.180Z
216,Split #216,00:00:05.785,00:14:42.056,2023-04-04T14:50:29.965Z
217,Split #217,00:00:04.036,00:14:46.092,2023-04-04T14:50:34.001Z
218,Split #218,00:00:01.960,00:14:48.052,2023-04-04T14:50:35.961Z
219,Split #219,00:00:06.986,00:14:55.038,2023-04-04T14:50:42.947Z
220,Split #220,00:00:06.209,00:15:01.247,2023-04-04T14:50:49.156Z
221,Split #221,00:00:06.659,00:15:07.906,2023-04-04T14:50:55.815Z
222,Split #222,00:00:06.560,00:15:14.466,2023-04-04T14:51:02.375Z
223,Split #223,00:00:06.582,00:15:21.048,2023-04-04T14:51:08.957Z
224,Split #224,00:00:05.604,00:15:26.652,2023-04-04T14:51:14.561Z
225,Split #225,00:00:05.455,00:15:32.107,2023-04-04T14:51:20.016Z
226,Split #226,00:00:07.043,00:15:39.150,2023-04-04T14:51:27.059Z
227,Split #227,00:00:06.659,00:15:45.809,2023-04-04T14:51:33.718Z
228,Split #228,00:00:05.963,00:15:51.772,2023-04-04T14:51:39.681Z
229,Split #229,00:00:06.468,00:15:58.240,2023-04-04T14:51:46.149Z
230,Split #230,00:00:08.676,00:16:06.916,2023-04-04T14:51:54.825Z
231,Split #231,00:00:07.491,00:16:14.407,2023-04-04T14:52:02.316Z
232,Split #232,00:00:05.951,00:16:20.358,2023-04-04T14:52:08.267Z
233,Split #233,00:00:05.467,00:16:25.825,2023-04-04T14:52:13.734Z
234,Split #234,00:00:04.186,00:16:30.011,2023-04-04T14:52:17.920Z
235,Split #235,00:00:04.814,00:16:34.825,2023-04-04T14:52:22.734Z
236,Split #236,00:00:03.634,00:16:38.459,2023-04-04T14:52:26.368Z
237,Split #237,00:00:03.625,00:16:42.084,2023-04-04T14:52:29.993Z
238,Split #238,00:00:03.755,00:16:45.839,2023-04-04T14:52:33.748Z
239,Split #239,00:00:04.455,00:16:50.294,2023-04-04T14:52:38.203Z
240,Split #240,00:00:04.075,00:16:54.369,2023-04-04T14:52:42.278Z
241,Split #241,00:00:04.070,00:16:58.439,2023-04-04T14:52:46.348Z
242,Split #242,00:00:03.827,00:17:02.266,2023-04-04T14:52:50.175Z
243,Split #243,00:00:04.455,00:17:06.721,2023-04-04T14:52:54.630Z
244,Split #244,00:00:04.071,00:17:10.792,2023-04-04T14:52:58.701Z
245,Split #245,00:00:03.713,00:17:14.505,2023-04-04T14:53:02.414Z
246,Split #246,00:00:03.927,00:17:18.432,2023-04-04T14:53:06.341Z
247,Split #247,00:00:04.026,00:17:22.458,2023-04-04T14:53:10.367Z
248,Split #248,00:00:04.524,00:17:26.982,2023-04-04T14:53:14.891Z
249,Split #249,00:00:03.610,00:17:30.592,2023-04-04T14:53:18.501Z
250,Split #250,00:00:06.416,00:17:37.008,2023-04-04T14:53:24.917Z
251,Split #251,00:00:04.577,00:17:41.585,2023-04-04T14:53:29.494Z
252,Split #252,00:00:03.778,00:17:45.363,2023-04-04T14:53:33.272Z
253,Split #253,00:00:03.267,00:17:48.630,2023-04-04T14:53:36.539Z
254,Split #254,00:00:03.416,00:17:52.046,2023-04-04T14:53:39.955Z
255,Split #255,00:00:04.437,00:17:56.483,2023-04-04T14:53:44.392Z
256,Split #256,00:00:04.542,00:18:01.025,2023-04-04T14:53:48.934Z
257,Split #257,00:00:05.264,00:18:06.289,2023-04-04T14:53:54.198Z
258,Split #258,00:00:10.926,00:18:17.215,2023-04-04T14:54:05.124Z
259,Split #259,00:00:13.241,00:18:30.456,2023-04-04T14:54:18.365Z
260,Split #260,00:00:07.579,00:18:38.035,2023-04-04T14:54:25.944Z
261,Pause #1,---,---,2023-04-04T14:54:25.944Z