#,Label,Interval,Total,Time Recorded
000,Start #1,---,---,2023-03-30T06:42:10.244Z
001,Split #1,00:00:03.220,00:00:03.220,2023-03-30T06:42:13.464Z
002,Split #2,00:00:04.868,00:00:08.088,2023-03-30T06:42:18.332Z
003,Split #3,00:00:04.546,00:00:12.634,2023-03-30T06:42:22.878Z
004,Split #4,00:00:04.589,00:00:17.223,2023-03-30T06:42:27.467Z
005,Split #5,00:00:04.253,00:00:21.476,2023-03-30T06:42:31.720Z
006,Split #6,00:00:03.893,00:00:25.369,2023-03-30T06:42:35.613Z
007,Split #7,00:00:04.252,00:00:29.621,2023-03-30T06:42:39.865Z
008,Split #8,00:00:04.162,00:00:33.783,2023-03-30T06:42:44.027Z
009,Split #9,00:00:04.455,00:00:38.238,2023-03-30T06:42:48.482Z
010,Split #10,00:00:03.330,00:00:41.568,2023-03-30T06:42:51.812Z
011,Split #11,00:00:04.117,00:00:45.685,2023-03-30T06:42:55.929Z
012,Split #12,00:00:04.165,00:00:49.850,2023-03-30T06:43:00.094Z
013,Split #13,00:00:03.800,00:00:53.650,2023-03-30T06:43:03.894Z
014,Split #14,00:00:04.208,00:00:57.858,2023-03-30T06:43:08.102Z
015,Split #15,00:00:03.915,00:01:01.773,2023-03-30T06:43:12.017Z
016,Split #16,00:00:03.802,00:01:05.575,2023-03-30T06:43:15.819Z
017,Split #17,00:00:04.906,00:01:10.481,2023-03-30T06:43:20.725Z
018,Split #18,00:00:03.779,00:01:14.260,2023-03-30T06:43:24.504Z
019,Split #19,00:00:04.480,00:01:18.740,2023-03-30T06:43:28.984Z
020,Split #20,00:00:04.543,00:01:23.283,2023-03-30T06:43:33.527Z
021,Split #21,00:00:03.915,00:01:27.198,2023-03-30T06:43:37.442Z
022,Split #22,00:00:04.298,00:01:31.496,2023-03-30T06:43:41.740Z
023,Split #23,00:00:05.107,00:01:36.603,2023-03-30T06:43:46.847Z
024,Split #24,00:00:04.927,00:01:41.530,2023-03-30T06:43:51.774Z
025,Split #25,00:00:04.369,00:01:45.899,2023-03-30T06:43:56.143Z
026,Split #26,00:00:04.024,00:01:49.923,2023-03-30T06:44:00.167Z
027,Split #27,00:00:03.083,00:01:53.006,2023-03-30T06:44:03.250Z
028,Split #28,00:00:02.969,00:01:55.975,2023-03-30T06:44:06.219Z
029,Split #29,00:00:02.971,00:01:58.946,2023-03-30T06:44:09.190Z
030,Split #30,00:00:03.217,00:02:02.163,2023-03-30T06:44:12.407Z
031,Split #31,00:00:03.083,00:02:05.246,2023-03-30T06:44:15.490Z
032,Split #32,00:00:03.308,00:02:08.554,2023-03-30T06:44:18.798Z
033,Split #33,00:00:03.082,00:02:11.636,2023-03-30T06:44:21.880Z
034,Split #34,00:00:04.050,00:02:15.686,2023-03-30T06:44:25.930Z
035,Split #35,00:00:03.667,00:02:19.353,2023-03-30T06:44:29.597Z
036,Split #36,00:00:03.353,00:02:22.706,2023-03-30T06:44:32.950Z
037,Split #37,00:00:03.489,00:02:26.195,2023-03-30T06:44:36.439Z
038,Split #38,00:00:03.668,00:02:29.863,2023-03-30T06:44:40.107Z
039,Split #39,00:00:02.787,00:02:32.650,2023-03-30T06:44:42.894Z
040,Split #40,00:00:03.015,00:02:35.665,2023-03-30T06:44:45.909Z
041,Split #41,00:00:02.713,00:02:38.378,2023-03-30T06:44:48.622Z
042,Split #42,00:00:03.397,00:02:41.775,2023-03-30T06:44:52.019Z
043,Split #43,00:00:03.352,00:02:45.127,2023-03-30T06:44:55.371Z
044,Split #44,00:00:03.262,00:02:48.389,2023-03-30T06:44:58.633Z
045,Split #45,00:00:02.813,00:02:51.202,2023-03-30T06:45:01.446Z
046,Split #46,00:00:02.857,00:02:54.059,2023-03-30T06:45:04.303Z
047,Split #47,00:00:03.038,00:02:57.097,2023-03-30T06:45:07.341Z
048,Split #48,00:00:03.041,00:03:00.138,2023-03-30T06:45:10.382Z
049,Split #49,00:00:02.968,00:03:03.106,2023-03-30T06:45:13.350Z
050,Split #50,00:00:05.286,00:03:08.392,2023-03-30T06:45:18.636Z
051,Split #51,00:00:03.488,00:03:11.880,2023-03-30T06:45:22.124Z
052,Split #52,00:00:02.947,00:03:14.827,2023-03-30T06:45:25.071Z
053,Split #53,00:00:02.790,00:03:17.617,2023-03-30T06:45:27.861Z
054,Split #54,00:00:03.195,00:03:20.812,2023-03-30T06:45:31.056Z
055,Split #55,00:00:03.131,00:03:23.943,2023-03-30T06:45:34.187Z
056,Split #56,00:00:03.011,00:03:26.954,2023-03-30T06:45:37.198Z
057,Split #57,00:00:02.948,00:03:29.902,2023-03-30T06:45:40.146Z
058,Split #58,00:00:03.330,00:03:33.232,2023-03-30T06:45:43.476Z
059,Split #59,00:00:03.285,00:03:36.517,2023-03-30T06:45:46.761Z
060,Split #60,00:00:03.331,00:03:39.848,2023-03-30T06:45:50.092Z
061,Split #61,00:00:02.903,00:03:42.751,2023-03-30T06:45:52.995Z
062,Split #62,00:00:02.586,00:03:45.337,2023-03-30T06:45:55.581Z
063,Split #63,00:00:02.815,00:03:48.152,2023-03-30T06:45:58.396Z
064,Split #64,00:00:02.922,00:03:51.074,2023-03-30T06:46:01.318Z
065,Split #65,00:00:02.700,00:03:53.774,2023-03-30T06:46:04.018Z
066,Split #66,00:00:03.580,00:03:57.354,2023-03-30T06:46:07.598Z
067,Split #67,00:00:02.879,00:04:00.233,2023-03-30T06:46:10.477Z
068,Split #68,00:00:03.261,00:04:03.494,2023-03-30T06:46:13.738Z
069,Split #69,00:00:02.633,00:04:06.127,2023-03-30T06:46:16.371Z
070,Split #70,00:00:02.748,00:04:08.875,2023-03-30T06:46:19.119Z
071,Split #71,00:00:02.700,00:04:11.575,2023-03-30T06:46:21.819Z
072,Split #72,00:00:02.675,00:04:14.250,2023-03-30T06:46:24.494Z
073,Split #73,00:00:02.362,00:04:16.612,2023-03-30T06:46:26.856Z
074,Split #74,00:00:03.399,00:04:20.011,2023-03-30T06:46:30.255Z
075,Split #75,00:00:02.879,00:04:22.890,2023-03-30T06:46:33.134Z
076,Split #76,00:00:03.060,00:04:25.950,2023-03-30T06:46:36.194Z
077,Split #77,00:00:03.197,00:04:29.147,2023-03-30T06:46:39.391Z
078,Split #78,00:00:04.205,00:04:33.352,2023-03-30T06:46:43.596Z
079,Split #79,00:00:03.173,00:04:36.525,2023-03-30T06:46:46.769Z
080,Split #80,00:00:03.465,00:04:39.990,2023-03-30T06:46:50.234Z
081,Split #81,00:00:03.150,00:04:43.140,2023-03-30T06:46:53.384Z
082,Split #82,00:00:04.298,00:04:47.438,2023-03-30T06:46:57.682Z
083,Split #83,00:00:03.712,00:04:51.150,2023-03-30T06:47:01.394Z
084,Split #84,00:00:03.577,00:04:54.727,2023-03-30T06:47:04.971Z
085,Split #85,00:00:03.513,00:04:58.240,2023-03-30T06:47:08.484Z
086,Split #86,00:00:03.530,00:05:01.770,2023-03-30T06:47:12.014Z
087,Split #87,00:00:03.038,00:05:04.808,2023-03-30T06:47:15.052Z
088,Split #88,00:00:03.059,00:05:07.867,2023-03-30T06:47:18.111Z
089,Split #89,00:00:02.431,00:05:10.298,2023-03-30T06:47:20.542Z
090,Split #90,00:00:02.747,00:05:13.045,2023-03-30T06:47:23.289Z
091,Split #91,00:00:02.967,00:05:16.012,2023-03-30T06:47:26.256Z
092,Split #92,00:00:03.600,00:05:19.612,2023-03-30T06:47:29.856Z
093,Split #93,00:00:02.970,00:05:22.582,2023-03-30T06:47:32.826Z
094,Split #94,00:00:03.715,00:05:26.297,2023-03-30T06:47:36.541Z
095,Split #95,00:00:02.990,00:05:29.287,2023-03-30T06:47:39.531Z
096,Split #96,00:00:03.309,00:05:32.596,2023-03-30T06:47:42.840Z
097,Split #97,00:00:03.464,00:05:36.060,2023-03-30T06:47:46.304Z
098,Split #98,00:00:03.872,00:05:39.932,2023-03-30T06:47:50.176Z
099,Split #99,00:00:02.183,00:05:42.115,2023-03-30T06:47:52.359Z
100,Split #100,00:00:03.285,00:05:45.400,2023-03-30T06:47:55.644Z
101,Split #101,00:00:02.855,00:05:48.255,2023-03-30T06:47:58.499Z
102,Split #102,00:00:03.263,00:05:51.518,2023-03-30T06:48:01.762Z
103,Split #103,00:00:02.790,00:05:54.308,2023-03-30T06:48:04.552Z
104,Split #104,00:00:02.881,00:05:57.189,2023-03-30T06:48:07.433Z
105,Split #105,00:00:02.879,00:06:00.068,2023-03-30T06:48:10.312Z
106,Split #106,00:00:03.982,00:06:04.050,2023-03-30T06:48:14.294Z
107,Split #107,00:00:02.794,00:06:06.844,2023-03-30T06:48:17.088Z
108,Split #108,00:00:03.282,00:06:10.126,2023-03-30T06:48:20.370Z
109,Split #109,00:00:02.991,00:06:13.117,2023-03-30T06:48:23.361Z
110,Split #110,00:00:03.353,00:06:16.470,2023-03-30T06:48:26.714Z
111,Split #111,00:00:03.262,00:06:19.732,2023-03-30T06:48:29.976Z
112,Split #112,00:00:03.376,00:06:23.108,2023-03-30T06:48:33.352Z
113,Split #113,00:00:03.490,00:06:26.598,2023-03-30T06:48:36.842Z
114,Split #114,00:00:04.520,00:06:31.118,2023-03-30T06:48:41.362Z
115,Split #115,00:00:03.467,00:06:34.585,2023-03-30T06:48:44.829Z
116,Split #116,00:00:03.485,00:06:38.070,2023-03-30T06:48:48.314Z
117,Split #117,00:00:03.465,00:06:41.535,2023-03-30T06:48:51.779Z
118,Split #118,00:00:03.893,00:06:45.428,2023-03-30T06:48:55.672Z
119,Split #119,00:00:03.895,00:06:49.323,2023-03-30T06:48:59.567Z
120,Split #120,00:00:03.533,00:06:52.856,2023-03-30T06:49:03.100Z
121,Split #121,00:00:03.439,00:06:56.295,2023-03-30T06:49:06.539Z
122,Split #122,00:00:03.760,00:07:00.055,2023-03-30T06:49:10.299Z
123,Split #123,00:00:03.215,00:07:03.270,2023-03-30T06:49:13.514Z
124,Split #124,00:00:03.240,00:07:06.510,2023-03-30T06:49:16.754Z
125,Split #125,00:00:03.489,00:07:09.999,2023-03-30T06:49:20.243Z
126,Split #126,00:00:02.856,00:07:12.855,2023-03-30T06:49:23.099Z
127,Split #127,00:00:03.941,00:07:16.796,2023-03-30T06:49:27.040Z
128,Split #128,00:00:04.115,00:07:20.911,2023-03-30T06:49:31.155Z
129,Split #129,00:00:04.792,00:07:25.703,2023-03-30T06:49:35.947Z
130,Split #130,00:00:04.320,00:07:30.023,2023-03-30T06:49:40.267Z
131,Split #131,00:00:04.208,00:07:34.231,2023-03-30T06:49:44.475Z
132,Split #132,00:00:04.027,00:07:38.258,2023-03-30T06:49:48.502Z
133,Split #133,00:00:04.680,00:07:42.938,2023-03-30T06:49:53.182Z
134,Split #134,00:00:09.114,00:07:52.052,2023-03-30T06:50:02.296Z
135,Split #135,00:00:04.320,00:07:56.372,2023-03-30T06:50:06.616Z
136,Split #136,00:00:03.982,00:08:00.354,2023-03-30T06:50:10.598Z
137,Split #137,00:00:04.117,00:08:04.471,2023-03-30T06:50:14.715Z
138,Split #138,00:00:04.747,00:08:09.218,2023-03-30T06:50:19.462Z
139,Split #139,00:00:03.645,00:08:12.863,2023-03-30T06:50:23.107Z
140,Split #140,00:00:03.602,00:08:16.465,2023-03-30T06:50:26.709Z
141,Split #141,00:00:03.958,00:08:20.423,2023-03-30T06:50:30.667Z
142,Split #142,00:00:04.096,00:08:24.519,2023-03-30T06:50:34.763Z
143,Split #143,00:00:03.532,00:08:28.051,2023-03-30T06:50:38.295Z
144,Split #144,00:00:03.578,00:08:31.629,2023-03-30T06:50:41.873Z
145,Split #145,00:00:03.441,00:08:35.070,2023-03-30T06:50:45.314Z
146,Split #146,00:00:03.783,00:08:38.853,2023-03-30T06:50:49.097Z
147,Split #147,00:00:03.219,00:08:42.072,2023-03-30T06:50:52.316Z
148,Split #148,00:00:04.318,00:08:46.390,2023-03-30T06:50:56.634Z
149,Split #149,00:00:03.509,00:08:49.899,2023-03-30T06:51:00.143Z
150,Split #150,00:00:03.106,00:08:53.005,2023-03-30T06:51:03.249Z
151,Split #151,00:00:03.735,00:08:56.740,2023-03-30T06:51:06.984Z
152,Split #152,00:00:03.509,00:09:00.249,2023-03-30T06:51:10.493Z
153,Split #153,00:00:02.881,00:09:03.130,2023-03-30T06:51:13.374Z
154,Split #154,00:00:03.083,00:09:06.213,2023-03-30T06:51:16.457Z
155,Split #155,00:00:02.991,00:09:09.204,2023-03-30T06:51:19.448Z
156,Split #156,00:00:02.995,00:09:12.199,2023-03-30T06:51:22.443Z
157,Split #157,00:00:02.720,00:09:14.919,2023-03-30T06:51:25.163Z
158,Split #158,00:00:03.129,00:09:18.048,2023-03-30T06:51:28.292Z
159,Split #159,00:00:02.700,00:09:20.748,2023-03-30T06:51:30.992Z
160,Split #160,00:00:03.152,00:09:23.900,2023-03-30T06:51:34.144Z
161,Split #161,00:00:02.836,00:09:26.736,2023-03-30T06:51:36.980Z
162,Split #162,00:00:03.416,00:09:30.152,2023-03-30T06:51:40.396Z
163,Split #163,00:00:03.060,00:09:33.212,2023-03-30T06:51:43.456Z
164,Split #164,00:00:03.398,00:09:36.610,2023-03-30T06:51:46.854Z
165,Split #165,00:00:02.902,00:09:39.512,2023-03-30T06:51:49.756Z
166,Split #166,00:00:03.828,00:09:43.340,2023-03-30T06:51:53.584Z
167,Split #167,00:00:02.990,00:09:46.330,2023-03-30T06:51:56.574Z
168,Split #168,00:00:03.330,00:09:49.660,2023-03-30T06:51:59.904Z
169,Split #169,00:00:03.037,00:09:52.697,2023-03-30T06:52:02.941Z
170,Split #170,00:00:04.073,00:09:56.770,2023-03-30T06:52:07.014Z
171,Split #171,00:00:03.355,00:10:00.125,2023-03-30T06:52:10.369Z
172,Split #172,00:00:03.305,00:10:03.430,2023-03-30T06:52:13.674Z
173,Split #173,00:00:03.487,00:10:06.917,2023-03-30T06:52:17.161Z
174,Split #174,00:00:03.668,00:10:10.585,2023-03-30T06:52:20.829Z
175,Split #175,00:00:03.825,00:10:14.410,2023-03-30T06:52:24.654Z
176,Split #176,00:00:03.691,00:10:18.101,2023-03-30T06:52:28.345Z
177,Split #177,00:00:03.217,00:10:21.318,2023-03-30T06:52:31.562Z
178,Split #178,00:00:04.367,00:10:25.685,2023-03-30T06:52:35.929Z
179,Split #179,00:00:03.533,00:10:29.218,2023-03-30T06:52:39.462Z
180,Split #180,00:00:03.463,00:10:32.681,2023-03-30T06:52:42.925Z
181,Split #181,00:00:03.981,00:10:36.662,2023-03-30T06:52:46.906Z
182,Split #182,00:00:03.938,00:10:40.600,2023-03-30T06:52:50.844Z
183,Split #183,00:00:03.693,00:10:44.293,2023-03-30T06:52:54.537Z
184,Split #184,00:00:04.137,00:10:48.430,2023-03-30T06:52:58.674Z
185,Split #185,00:00:04.032,00:10:52.462,2023-03-30T06:53:02.706Z
186,Split #186,00:00:05.329,00:10:57.791,2023-03-30T06:53:08.035Z
187,Split #187,00:00:04.656,00:11:02.447,2023-03-30T06:53:12.691Z
188,Split #188,00:00:04.523,00:11:06.970,2023-03-30T06:53:17.214Z
189,Split #189,00:00:03.938,00:11:10.908,2023-03-30T06:53:21.152Z
190,Split #190,00:00:04.904,00:11:15.812,2023-03-30T06:53:26.056Z
191,Split #191,00:00:04.478,00:11:20.290,2023-03-30T06:53:30.534Z
192,Split #192,00:00:04.209,00:11:24.499,2023-03-30T06:53:34.743Z
193,Split #193,00:00:04.140,00:11:28.639,2023-03-30T06:53:38.883Z
194,Split #194,00:00:04.477,00:11:33.116,2023-03-30T06:53:43.360Z
195,Split #195,00:00:04.276,00:11:37.392,2023-03-30T06:53:47.636Z
196,Split #196,00:00:04.184,00:11:41.576,2023-03-30T06:53:51.820Z
197,Split #197,00:00:03.936,00:11:45.512,2023-03-30T06:53:55.756Z
198,Split #198,00:00:04.950,00:11:50.462,2023-03-30T06:54:00.706Z
199,Split #199,00:00:04.591,00:11:55.053,2023-03-30T06:54:05.297Z
200,Split #200,00:00:04.477,00:11:59.530,2023-03-30T06:54:09.774Z
201,Split #201,00:00:03.938,00:12:03.468,2023-03-30T06:54:13.712Z
202,Split #202,00:00:04.184,00:12:07.652,2023-03-30T06:54:17.896Z
203,Split #203,00:00:03.871,00:12:11.523,2023-03-30T06:54:21.767Z
204,Split #204,00:00:03.217,00:12:14.740,2023-03-30T06:54:24.984Z
205,Split #205,00:00:03.623,00:12:18.363,2023-03-30T06:54:28.607Z
206,Split #206,00:00:04.410,00:12:22.773,2023-03-30T06:54:33.017Z
207,Split #207,00:00:04.500,00:12:27.273,2023-03-30T06:54:37.517Z
208,Split #208,00:00:03.757,00:12:31.030,2023-03-30T06:54:41.274Z
209,Split #209,00:00:05.468,00:12:36.498,2023-03-30T06:54:46.742Z
210,Split #210,00:00:07.178,00:12:43.676,2023-03-30T06:54:53.920Z
211,Split #211,00:00:04.434,00:12:48.110,2023-03-30T06:54:58.354Z
212,Split #212,00:00:04.003,00:12:52.113,2023-03-30T06:55:02.357Z
213,Split #213,00:00:03.960,00:12:56.073,2023-03-30T06:55:06.317Z
214,Split #214,00:00:04.230,00:13:00.303,2023-03-30T06:55:10.547Z
215,Split #215,00:00:04.837,00:13:05.140,2023-03-30T06:55:15.384Z
216,Split #216,00:00:03.645,00:13:08.785,2023-03-30T06:55:19.029Z
217,Split #217,00:00:04.276,00:13:13.061,2023-03-30T06:55:23.305Z
218,Split #218,00:00:03.285,00:13:16.346,2023-03-30T06:55:26.590Z
219,Split #219,00:00:02.947,00:13:19.293,2023-03-30T06:55:29.537Z
220,Split #220,00:00:03.082,00:13:22.375,2023-03-30T06:55:32.619Z
221,Split #221,00:00:03.582,00:13:25.957,2023-03-30T06:55:36.201Z
222,Split #222,00:00:02.765,00:13:28.722,2023-03-30T06:55:38.966Z
223,Split #223,00:00:02.788,00:13:31.510,2023-03-30T06:55:41.754Z
224,Split #224,00:00:03.131,00:13:34.641,2023-03-30T06:55:44.885Z
225,Split #225,00:00:02.699,00:13:37.340,2023-03-30T06:55:47.584Z
226,Split #226,00:00:03.487,00:13:40.827,2023-03-30T06:55:51.071Z
227,Split #227,00:00:03.104,00:13:43.931,2023-03-30T06:55:54.175Z
228,Split #228,00:00:03.622,00:13:47.553,2023-03-30T06:55:57.797Z
229,Split #229,00:00:02.861,00:13:50.414,2023-03-30T06:56:00.658Z
230,Split #230,00:00:03.395,00:13:53.809,2023-03-30T06:56:04.053Z
231,Split #231,00:00:03.174,00:13:56.983,2023-03-30T06:56:07.227Z
232,Split #232,00:00:03.305,00:14:00.288,2023-03-30T06:56:10.532Z
233,Split #233,00:00:02.995,00:14:03.283,2023-03-30T06:56:13.527Z
234,Split #234,00:00:04.453,00:14:07.736,2023-03-30T06:56:17.980Z
235,Split #235,00:00:04.005,00:14:11.741,2023-03-30T06:56:21.985Z
236,Split #236,00:00:03.196,00:14:14.937,2023-03-30T06:56:25.181Z
237,Split #237,00:00:03.554,00:14:18.491,2023-03-30T06:56:28.735Z
238,Split #238,00:00:02.587,00:14:21.078,2023-03-30T06:56:31.322Z
239,Split #239,00:00:03.083,00:14:24.161,2023-03-30T06:56:34.405Z
240,Split #240,00:00:02.857,00:14:27.018,2023-03-30T06:56:37.262Z
241,Split #241,00:00:02.859,00:14:29.877,2023-03-30T06:56:40.121Z
242,Split #242,00:00:04.003,00:14:33.880,2023-03-30T06:56:44.124Z
243,Split #243,00:00:02.341,00:14:36.221,2023-03-30T06:56:46.465Z
244,Split #244,00:00:02.700,00:14:38.921,2023-03-30T06:56:49.165Z
245,Split #245,00:00:02.610,00:14:41.531,2023-03-30T06:56:51.775Z
246,Split #246,00:00:03.128,00:14:44.659,2023-03-30T06:56:54.903Z
247,Split #247,00:00:03.306,00:14:47.965,2023-03-30T06:56:58.209Z
248,Split #248,00:00:02.701,00:14:50.666,2023-03-30T06:57:00.910Z
249,Split #249,00:00:02.700,00:14:53.366,2023-03-30T06:57:03.610Z
250,Split #250,00:00:03.690,00:14:57.056,2023-03-30T06:57:07.300Z
251,Split #251,00:00:04.005,00:15:01.061,2023-03-30T06:57:11.305Z
252,Split #252,00:00:04.230,00:15:05.291,2023-03-30T06:57:15.535Z
253,Split #253,00:00:04.096,00:15:09.387,2023-03-30T06:57:19.631Z
254,Split #254,00:00:04.818,00:15:14.205,2023-03-30T06:57:24.449Z
255,Split #255,00:00:04.676,00:15:18.881,2023-03-30T06:57:29.125Z
256,Split #256,00:00:04.277,00:15:23.158,2023-03-30T06:57:33.402Z
257,Split #257,00:00:05.893,00:15:29.051,2023-03-30T06:57:39.295Z
258,Split #258,00:00:23.802,00:15:52.853,2023-03-30T06:58:03.097Z
259,Pause #1,---,---,2023-03-30T06:58:03.097Z
