#,Label,Interval,Total,Time Recorded
000,Start #1,---,---,2023-04-08T11:28:37.592Z
001,Split #1,00:00:05.926,00:00:05.926,2023-04-08T11:28:43.518Z
002,Split #2,00:00:03.455,00:00:09.381,2023-04-08T11:28:46.973Z
003,Split #3,00:00:03.972,00:00:13.353,2023-04-08T11:28:50.945Z
004,Split #4,00:00:04.319,00:00:17.672,2023-04-08T11:28:55.264Z
005,Split #5,00:00:04.388,00:00:22.060,2023-04-08T11:28:59.652Z
006,Split #6,00:00:03.824,00:00:25.884,2023-04-08T11:29:03.476Z
007,Split #7,00:00:03.600,00:00:29.484,2023-04-08T11:29:07.076Z
008,Split #8,00:00:04.140,00:00:33.624,2023-04-08T11:29:11.216Z
009,Split #9,00:00:03.490,00:00:37.114,2023-04-08T11:29:14.706Z
010,Split #10,00:00:03.688,00:00:40.802,2023-04-08T11:29:18.394Z
011,Split #11,00:00:03.420,00:00:44.222,2023-04-08T11:29:21.814Z
012,Split #12,00:00:03.667,00:00:47.889,2023-04-08T11:29:25.481Z
013,Split #13,00:00:04.050,00:00:51.939,2023-04-08T11:29:29.531Z
014,Split #14,00:00:03.555,00:00:55.494,2023-04-08T11:29:33.086Z
015,Split #15,00:00:03.445,00:00:58.939,2023-04-08T11:29:36.531Z
016,Split #16,00:00:03.868,00:01:02.807,2023-04-08T11:29:40.399Z
017,Split #17,00:00:03.433,00:01:06.240,2023-04-08T11:29:43.832Z
018,Split #18,00:00:02.923,00:01:09.163,2023-04-08T11:29:46.755Z
019,Split #19,00:00:02.947,00:01:12.110,2023-04-08T11:29:49.702Z
020,Split #20,00:00:02.936,00:01:15.046,2023-04-08T11:29:52.638Z
021,Split #21,00:00:03.319,00:01:18.365,2023-04-08T11:29:55.957Z
022,Split #22,00:00:03.096,00:01:21.461,2023-04-08T11:29:59.053Z
023,Split #23,00:00:03.260,00:01:24.721,2023-04-08T11:30:02.313Z
024,Split #24,00:00:03.668,00:01:28.389,2023-04-08T11:30:05.981Z
025,Split #25,00:00:03.285,00:01:31.674,2023-04-08T11:30:09.266Z
026,Split #26,00:00:03.127,00:01:34.801,2023-04-08T11:30:12.393Z
027,Split #27,00:00:02.926,00:01:37.727,2023-04-08T11:30:15.319Z
028,Split #28,00:00:03.026,00:01:40.753,2023-04-08T11:30:18.345Z
029,Split #29,00:00:03.038,00:01:43.791,2023-04-08T11:30:21.383Z
030,Split #30,00:00:03.138,00:01:46.929,2023-04-08T11:30:24.521Z
031,Split #31,00:00:03.375,00:01:50.304,2023-04-08T11:30:27.896Z
032,Split #32,00:00:03.128,00:01:53.432,2023-04-08T11:30:31.024Z
033,Split #33,00:00:03.791,00:01:57.223,2023-04-08T11:30:34.815Z
034,Split #34,00:00:03.803,00:02:01.026,2023-04-08T11:30:38.618Z
035,Split #35,00:00:03.511,00:02:04.537,2023-04-08T11:30:42.129Z
036,Split #36,00:00:03.421,00:02:07.958,2023-04-08T11:30:45.550Z
037,Split #37,00:00:03.531,00:02:11.489,2023-04-08T11:30:49.081Z
038,Split #38,00:00:03.217,00:02:14.706,2023-04-08T11:30:52.298Z
039,Split #39,00:00:03.014,00:02:17.720,2023-04-08T11:30:55.312Z
040,Split #40,00:00:02.925,00:02:20.645,2023-04-08T11:30:58.237Z
041,Split #41,00:00:02.927,00:02:23.572,2023-04-08T11:31:01.164Z
042,Split #42,00:00:03.182,00:02:26.754,2023-04-08T11:31:04.346Z
043,Split #43,00:00:03.555,00:02:30.309,2023-04-08T11:31:07.901Z
044,Split #44,00:00:03.286,00:02:33.595,2023-04-08T11:31:11.187Z
045,Split #45,00:00:03.441,00:02:37.036,2023-04-08T11:31:14.628Z
046,Split #46,00:00:03.197,00:02:40.233,2023-04-08T11:31:17.825Z
047,Split #47,00:00:03.194,00:02:43.427,2023-04-08T11:31:21.019Z
048,Split #48,00:00:03.195,00:02:46.622,2023-04-08T11:31:24.214Z
049,Split #49,00:00:03.352,00:02:49.974,2023-04-08T11:31:27.566Z
050,Split #50,00:00:03.037,00:02:53.011,2023-04-08T11:31:30.603Z
051,Split #51,00:00:03.061,00:02:56.072,2023-04-08T11:31:33.664Z
052,Split #52,00:00:03.037,00:02:59.109,2023-04-08T11:31:36.701Z
053,Split #53,00:00:03.016,00:03:02.125,2023-04-08T11:31:39.717Z
054,Split #54,00:00:02.834,00:03:04.959,2023-04-08T11:31:42.551Z
055,Split #55,00:00:02.881,00:03:07.840,2023-04-08T11:31:45.432Z
056,Split #56,00:00:02.970,00:03:10.810,2023-04-08T11:31:48.402Z
057,Split #57,00:00:02.924,00:03:13.734,2023-04-08T11:31:51.326Z
058,Split #58,00:00:02.801,00:03:16.535,2023-04-08T11:31:54.127Z
059,Split #59,00:00:02.870,00:03:19.405,2023-04-08T11:31:56.997Z
060,Split #60,00:00:02.892,00:03:22.297,2023-04-08T11:31:59.889Z
061,Split #61,00:00:02.859,00:03:25.156,2023-04-08T11:32:02.748Z
062,Split #62,00:00:02.766,00:03:27.922,2023-04-08T11:32:05.514Z
063,Split #63,00:00:02.655,00:03:30.577,2023-04-08T11:32:08.169Z
064,Split #64,00:00:02.722,00:03:33.299,2023-04-08T11:32:10.891Z
065,Split #65,00:00:02.813,00:03:36.112,2023-04-08T11:32:13.704Z
066,Split #66,00:00:02.780,00:03:38.892,2023-04-08T11:32:16.484Z
067,Split #67,00:00:02.812,00:03:41.704,2023-04-08T11:32:19.296Z
068,Split #68,00:00:02.564,00:03:44.268,2023-04-08T11:32:21.860Z
069,Split #69,00:00:02.792,00:03:47.060,2023-04-08T11:32:24.652Z
070,Split #70,00:00:02.767,00:03:49.827,2023-04-08T11:32:27.419Z
071,Split #71,00:00:02.755,00:03:52.582,2023-04-08T11:32:30.174Z
072,Split #72,00:00:02.835,00:03:55.417,2023-04-08T11:32:33.009Z
073,Split #73,00:00:03.015,00:03:58.432,2023-04-08T11:32:36.024Z
074,Split #74,00:00:03.217,00:04:01.649,2023-04-08T11:32:39.241Z
075,Split #75,00:00:04.276,00:04:05.925,2023-04-08T11:32:43.517Z
076,Split #76,00:00:01.552,00:04:07.477,2023-04-08T11:32:45.069Z
077,Split #77,00:00:03.308,00:04:10.785,2023-04-08T11:32:48.377Z
078,Split #78,00:00:02.992,00:04:13.777,2023-04-08T11:32:51.369Z
079,Split #79,00:00:02.948,00:04:16.725,2023-04-08T11:32:54.317Z
080,Split #80,00:00:03.082,00:04:19.807,2023-04-08T11:32:57.399Z
081,Split #81,00:00:03.648,00:04:23.455,2023-04-08T11:33:01.047Z
082,Split #82,00:00:03.285,00:04:26.740,2023-04-08T11:33:04.332Z
083,Split #83,00:00:03.057,00:04:29.797,2023-04-08T11:33:07.389Z
084,Split #84,00:00:03.140,00:04:32.937,2023-04-08T11:33:10.529Z
085,Split #85,00:00:03.039,00:04:35.976,2023-04-08T11:33:13.568Z
086,Split #86,00:00:02.631,00:04:38.607,2023-04-08T11:33:16.199Z
087,Split #87,00:00:02.992,00:04:41.599,2023-04-08T11:33:19.191Z
088,Split #88,00:00:03.397,00:04:44.996,2023-04-08T11:33:22.588Z
089,Split #89,00:00:03.399,00:04:48.395,2023-04-08T11:33:25.987Z
090,Split #90,00:00:03.466,00:04:51.861,2023-04-08T11:33:29.453Z
091,Split #91,00:00:03.171,00:04:55.032,2023-04-08T11:33:32.624Z
092,Split #92,00:00:03.195,00:04:58.227,2023-04-08T11:33:35.819Z
093,Split #93,00:00:03.442,00:05:01.669,2023-04-08T11:33:39.261Z
094,Split #94,00:00:03.151,00:05:04.820,2023-04-08T11:33:42.412Z
095,Split #95,00:00:02.834,00:05:07.654,2023-04-08T11:33:45.246Z
096,Split #96,00:00:02.680,00:05:10.334,2023-04-08T11:33:47.926Z
097,Split #97,00:00:03.395,00:05:13.729,2023-04-08T11:33:51.321Z
098,Split #98,00:00:02.678,00:05:16.407,2023-04-08T11:33:53.999Z
099,Split #99,00:00:02.655,00:05:19.062,2023-04-08T11:33:56.654Z
100,Split #100,00:00:02.632,00:05:21.694,2023-04-08T11:33:59.286Z
101,Split #101,00:00:02.860,00:05:24.554,2023-04-08T11:34:02.146Z
102,Split #102,00:00:02.631,00:05:27.185,2023-04-08T11:34:04.777Z
103,Split #103,00:00:02.643,00:05:29.828,2023-04-08T11:34:07.420Z
104,Split #104,00:00:02.632,00:05:32.460,2023-04-08T11:34:10.052Z
105,Split #105,00:00:03.401,00:05:35.861,2023-04-08T11:34:13.453Z
106,Split #106,00:00:03.048,00:05:38.909,2023-04-08T11:34:16.501Z
107,Split #107,00:00:03.352,00:05:42.261,2023-04-08T11:34:19.853Z
108,Split #108,00:00:02.946,00:05:45.207,2023-04-08T11:34:22.799Z
109,Split #109,00:00:02.881,00:05:48.088,2023-04-08T11:34:25.680Z
110,Split #110,00:00:02.790,00:05:50.878,2023-04-08T11:34:28.470Z
111,Split #111,00:00:02.520,00:05:53.398,2023-04-08T11:34:30.990Z
112,Split #112,00:00:02.633,00:05:56.031,2023-04-08T11:34:33.623Z
113,Split #113,00:00:02.879,00:05:58.910,2023-04-08T11:34:36.502Z
114,Split #114,00:00:02.992,00:06:01.902,2023-04-08T11:34:39.494Z
115,Split #115,00:00:02.790,00:06:04.692,2023-04-08T11:34:42.284Z
116,Split #116,00:00:02.927,00:06:07.619,2023-04-08T11:34:45.211Z
117,Split #117,00:00:03.216,00:06:10.835,2023-04-08T11:34:48.427Z
118,Split #118,00:00:03.286,00:06:14.121,2023-04-08T11:34:51.713Z
119,Split #119,00:00:03.017,00:06:17.138,2023-04-08T11:34:54.730Z
120,Split #120,00:00:03.755,00:06:20.893,2023-04-08T11:34:58.485Z
121,Split #121,00:00:03.937,00:06:24.830,2023-04-08T11:35:02.422Z
122,Split #122,00:00:02.903,00:06:27.733,2023-04-08T11:35:05.325Z
123,Split #123,00:00:02.947,00:06:30.680,2023-04-08T11:35:08.272Z
124,Split #124,00:00:03.601,00:06:34.281,2023-04-08T11:35:11.873Z
125,Split #125,00:00:04.387,00:06:38.668,2023-04-08T11:35:16.260Z
126,Split #126,00:00:01.012,00:06:39.680,2023-04-08T11:35:17.272Z
127,Split #127,00:00:02.162,00:06:41.842,2023-04-08T11:35:19.434Z
128,Split #128,00:00:01.933,00:06:43.775,2023-04-08T11:35:21.367Z
129,Split #129,00:00:02.205,00:06:45.980,2023-04-08T11:35:23.572Z
130,Split #130,00:00:02.499,00:06:48.479,2023-04-08T11:35:26.071Z
131,Split #131,00:00:02.429,00:06:50.908,2023-04-08T11:35:28.500Z
132,Split #132,00:00:04.128,00:06:55.036,2023-04-08T11:35:32.628Z
133,Split #133,00:00:04.917,00:06:59.953,2023-04-08T11:35:37.545Z
134,Split #134,00:00:04.804,00:07:04.757,2023-04-08T11:35:42.349Z
135,Split #135,00:00:04.455,00:07:09.212,2023-04-08T11:35:46.804Z
136,Split #136,00:00:03.701,00:07:12.913,2023-04-08T11:35:50.505Z
137,Split #137,00:00:04.433,00:07:17.346,2023-04-08T11:35:54.938Z
138,Split #138,00:00:03.444,00:07:20.790,2023-04-08T11:35:58.382Z
139,Split #139,00:00:03.373,00:07:24.163,2023-04-08T11:36:01.755Z
140,Split #140,00:00:03.848,00:07:28.011,2023-04-08T11:36:05.603Z
141,Split #141,00:00:03.555,00:07:31.566,2023-04-08T11:36:09.158Z
142,Split #142,00:00:03.096,00:07:34.662,2023-04-08T11:36:12.254Z
143,Split #143,00:00:03.125,00:07:37.787,2023-04-08T11:36:15.379Z
144,Split #144,00:00:03.357,00:07:41.144,2023-04-08T11:36:18.736Z
145,Split #145,00:00:03.451,00:07:44.595,2023-04-08T11:36:22.187Z
146,Split #146,00:00:03.621,00:07:48.216,2023-04-08T11:36:25.808Z
147,Split #147,00:00:03.084,00:07:51.300,2023-04-08T11:36:28.892Z
148,Split #148,00:00:03.939,00:07:55.239,2023-04-08T11:36:32.831Z
149,Split #149,00:00:03.598,00:07:58.837,2023-04-08T11:36:36.429Z
150,Split #150,00:00:03.331,00:08:02.168,2023-04-08T11:36:39.760Z
151,Split #151,00:00:03.218,00:08:05.386,2023-04-08T11:36:42.978Z
152,Split #152,00:00:03.193,00:08:08.579,2023-04-08T11:36:46.171Z
153,Split #153,00:00:03.150,00:08:11.729,2023-04-08T11:36:49.321Z
154,Split #154,00:00:02.835,00:08:14.564,2023-04-08T11:36:52.156Z
155,Split #155,00:00:02.655,00:08:17.219,2023-04-08T11:36:54.811Z
156,Split #156,00:00:02.745,00:08:19.964,2023-04-08T11:36:57.556Z
157,Split #157,00:00:02.712,00:08:22.676,2023-04-08T11:37:00.268Z
158,Split #158,00:00:02.735,00:08:25.411,2023-04-08T11:37:03.003Z
159,Split #159,00:00:02.700,00:08:28.111,2023-04-08T11:37:05.703Z
160,Split #160,00:00:02.743,00:08:30.854,2023-04-08T11:37:08.446Z
161,Split #161,00:00:02.970,00:08:33.824,2023-04-08T11:37:11.416Z
162,Split #162,00:00:02.397,00:08:36.221,2023-04-08T11:37:13.813Z
163,Split #163,00:00:02.576,00:08:38.797,2023-04-08T11:37:16.389Z
164,Split #164,00:00:02.722,00:08:41.519,2023-04-08T11:37:19.111Z
165,Split #165,00:00:02.613,00:08:44.132,2023-04-08T11:37:21.724Z
166,Split #166,00:00:02.540,00:08:46.672,2023-04-08T11:37:24.264Z
167,Split #167,00:00:02.612,00:08:49.284,2023-04-08T11:37:26.876Z
168,Split #168,00:00:02.497,00:08:51.781,2023-04-08T11:37:29.373Z
169,Split #169,00:00:02.766,00:08:54.547,2023-04-08T11:37:32.139Z
170,Split #170,00:00:02.700,00:08:57.247,2023-04-08T11:37:34.839Z
171,Split #171,00:00:02.768,00:09:00.015,2023-04-08T11:37:37.607Z
172,Split #172,00:00:02.857,00:09:02.872,2023-04-08T11:37:40.464Z
173,Split #173,00:00:02.948,00:09:05.820,2023-04-08T11:37:43.412Z
174,Split #174,00:00:03.105,00:09:08.925,2023-04-08T11:37:46.517Z
175,Split #175,00:00:02.948,00:09:11.873,2023-04-08T11:37:49.465Z
176,Split #176,00:00:02.924,00:09:14.797,2023-04-08T11:37:52.389Z
177,Split #177,00:00:04.208,00:09:19.005,2023-04-08T11:37:56.597Z
178,Split #178,00:00:02.992,00:09:21.997,2023-04-08T11:37:59.589Z
179,Split #179,00:00:02.599,00:09:24.596,2023-04-08T11:38:02.188Z
180,Split #180,00:00:01.949,00:09:26.545,2023-04-08T11:38:04.137Z
181,Split #181,00:00:03.397,00:09:29.942,2023-04-08T11:38:07.534Z
182,Split #182,00:00:02.664,00:09:32.606,2023-04-08T11:38:10.198Z
183,Split #183,00:00:02.511,00:09:35.117,2023-04-08T11:38:12.709Z
184,Split #184,00:00:02.766,00:09:37.883,2023-04-08T11:38:15.475Z
185,Split #185,00:00:03.150,00:09:41.033,2023-04-08T11:38:18.625Z
186,Split #186,00:00:02.497,00:09:43.530,2023-04-08T11:38:21.122Z
187,Split #187,00:00:02.453,00:09:45.983,2023-04-08T11:38:23.575Z
188,Split #188,00:00:02.677,00:09:48.660,2023-04-08T11:38:26.252Z
189,Split #189,00:00:02.746,00:09:51.406,2023-04-08T11:38:28.998Z
190,Split #190,00:00:02.564,00:09:53.970,2023-04-08T11:38:31.562Z
191,Split #191,00:00:02.408,00:09:56.378,2023-04-08T11:38:33.970Z
192,Split #192,00:00:02.791,00:09:59.169,2023-04-08T11:38:36.761Z
193,Split #193,00:00:02.668,00:10:01.837,2023-04-08T11:38:39.429Z
194,Split #194,00:00:02.405,00:10:04.242,2023-04-08T11:38:41.834Z
195,Split #195,00:00:02.137,00:10:06.379,2023-04-08T11:38:43.971Z
196,Split #196,00:00:03.184,00:10:09.563,2023-04-08T11:38:47.155Z
197,Split #197,00:00:03.962,00:10:13.525,2023-04-08T11:38:51.117Z
198,Split #198,00:00:04.252,00:10:17.777,2023-04-08T11:38:55.369Z
199,Split #199,00:00:02.969,00:10:20.746,2023-04-08T11:38:58.338Z
200,Split #200,00:00:03.200,00:10:23.946,2023-04-08T11:39:01.538Z
201,Split #201,00:00:03.775,00:10:27.721,2023-04-08T11:39:05.313Z
202,Split #202,00:00:02.430,00:10:30.151,2023-04-08T11:39:07.743Z
203,Split #203,00:00:02.160,00:10:32.311,2023-04-08T11:39:09.903Z
204,Split #204,00:00:02.567,00:10:34.878,2023-04-08T11:39:12.470Z
205,Split #205,00:00:02.676,00:10:37.554,2023-04-08T11:39:15.146Z
206,Split #206,00:00:02.879,00:10:40.433,2023-04-08T11:39:18.025Z
207,Split #207,00:00:03.240,00:10:43.673,2023-04-08T11:39:21.265Z
208,Split #208,00:00:05.424,00:10:49.097,2023-04-08T11:39:26.689Z
209,Split #209,00:00:07.190,00:10:56.287,2023-04-08T11:39:33.879Z
210,Split #210,00:00:05.657,00:11:01.944,2023-04-08T11:39:39.536Z
211,Split #211,00:00:05.063,00:11:07.007,2023-04-08T11:39:44.599Z
212,Split #212,00:00:05.422,00:11:12.429,2023-04-08T11:39:50.021Z
213,Split #213,00:00:04.860,00:11:17.289,2023-04-08T11:39:54.881Z
214,Split #214,00:00:04.950,00:11:22.239,2023-04-08T11:39:59.831Z
215,Split #215,00:00:04.298,00:11:26.537,2023-04-08T11:40:04.129Z
216,Split #216,00:00:05.491,00:11:32.028,2023-04-08T11:40:09.620Z
217,Split #217,00:00:04.341,00:11:36.369,2023-04-08T11:40:13.961Z
218,Split #218,00:00:02.936,00:11:39.305,2023-04-08T11:40:16.897Z
219,Split #219,00:00:02.880,00:11:42.185,2023-04-08T11:40:19.777Z
220,Split #220,00:00:03.038,00:11:45.223,2023-04-08T11:40:22.815Z
221,Split #221,00:00:03.130,00:11:48.353,2023-04-08T11:40:25.945Z
222,Split #222,00:00:02.969,00:11:51.322,2023-04-08T11:40:28.914Z
223,Split #223,00:00:03.084,00:11:54.406,2023-04-08T11:40:31.998Z
224,Split #224,00:00:03.115,00:11:57.521,2023-04-08T11:40:35.113Z
225,Split #225,00:00:03.092,00:12:00.613,2023-04-08T11:40:38.205Z
226,Split #226,00:00:02.880,00:12:03.493,2023-04-08T11:40:41.085Z
227,Split #227,00:00:02.869,00:12:06.362,2023-04-08T11:40:43.954Z
228,Split #228,00:00:02.734,00:12:09.096,2023-04-08T11:40:46.688Z
229,Split #229,00:00:03.342,00:12:12.438,2023-04-08T11:40:50.030Z
230,Split #230,00:00:03.127,00:12:15.565,2023-04-08T11:40:53.157Z
231,Split #231,00:00:02.814,00:12:18.379,2023-04-08T11:40:55.971Z
232,Split #232,00:00:03.024,00:12:21.403,2023-04-08T11:40:58.995Z
233,Split #233,00:00:03.578,00:12:24.981,2023-04-08T11:41:02.573Z
234,Split #234,00:00:03.105,00:12:28.086,2023-04-08T11:41:05.678Z
235,Split #235,00:00:02.767,00:12:30.853,2023-04-08T11:41:08.445Z
236,Split #236,00:00:02.715,00:12:33.568,2023-04-08T11:41:11.160Z
237,Split #237,00:00:02.989,00:12:36.557,2023-04-08T11:41:14.149Z
238,Split #238,00:00:02.726,00:12:39.283,2023-04-08T11:41:16.875Z
239,Split #239,00:00:02.697,00:12:41.980,2023-04-08T11:41:19.572Z
240,Split #240,00:00:02.880,00:12:44.860,2023-04-08T11:41:22.452Z
241,Split #241,00:00:02.612,00:12:47.472,2023-04-08T11:41:25.064Z
242,Split #242,00:00:02.226,00:12:49.698,2023-04-08T11:41:27.290Z
243,Split #243,00:00:02.182,00:12:51.880,2023-04-08T11:41:29.472Z
244,Split #244,00:00:02.250,00:12:54.130,2023-04-08T11:41:31.722Z
245,Split #245,00:00:02.520,00:12:56.650,2023-04-08T11:41:34.242Z
246,Split #246,00:00:02.475,00:12:59.125,2023-04-08T11:41:36.717Z
247,Split #247,00:00:02.858,00:13:01.983,2023-04-08T11:41:39.575Z
248,Split #248,00:00:02.869,00:13:04.852,2023-04-08T11:41:42.444Z
249,Split #249,00:00:04.005,00:13:08.857,2023-04-08T11:41:46.449Z
250,Split #250,00:00:03.994,00:13:12.851,2023-04-08T11:41:50.443Z
251,Split #251,00:00:03.329,00:13:16.180,2023-04-08T11:41:53.772Z
252,Split #252,00:00:02.892,00:13:19.072,2023-04-08T11:41:56.664Z
253,Split #253,00:00:03.634,00:13:22.706,2023-04-08T11:42:00.298Z
254,Split #254,00:00:03.040,00:13:25.746,2023-04-08T11:42:03.338Z
255,Split #255,00:00:04.024,00:13:29.770,2023-04-08T11:42:07.362Z
256,Split #256,00:00:03.580,00:13:33.350,2023-04-08T11:42:10.942Z