#,Label,Interval,Total,Time Recorded
000,Start #1,---,---,2023-04-06T17:01:38.772Z
001,Split #1,00:00:03.260,00:00:03.260,2023-04-06T17:01:42.032Z
002,Split #2,00:00:03.928,00:00:07.188,2023-04-06T17:01:45.960Z
003,Split #3,00:00:02.756,00:00:09.944,2023-04-06T17:01:48.716Z
004,Split #4,00:00:02.734,00:00:12.678,2023-04-06T17:01:51.450Z
005,Split #5,00:00:02.565,00:00:15.243,2023-04-06T17:01:54.015Z
006,Split #6,00:00:02.519,00:00:17.762,2023-04-06T17:01:56.534Z
007,Split #7,00:00:02.610,00:00:20.372,2023-04-06T17:01:59.144Z
008,Split #8,00:00:02.521,00:00:22.893,2023-04-06T17:02:01.665Z
009,Split #9,00:00:02.722,00:00:25.615,2023-04-06T17:02:04.387Z
010,Split #10,00:00:02.475,00:00:28.090,2023-04-06T17:02:06.862Z
011,Split #11,00:00:02.611,00:00:30.701,2023-04-06T17:02:09.473Z
012,Split #12,00:00:02.688,00:00:33.389,2023-04-06T17:02:12.161Z
013,Split #13,00:00:02.712,00:00:36.101,2023-04-06T17:02:14.873Z
014,Split #14,00:00:02.521,00:00:38.622,2023-04-06T17:02:17.394Z
015,Split #15,00:00:02.653,00:00:41.275,2023-04-06T17:02:20.047Z
016,Split #16,00:00:02.588,00:00:43.863,2023-04-06T17:02:22.635Z
017,Split #17,00:00:02.813,00:00:46.676,2023-04-06T17:02:25.448Z
018,Split #18,00:00:02.509,00:00:49.185,2023-04-06T17:02:27.957Z
019,Split #19,00:00:02.498,00:00:51.683,2023-04-06T17:02:30.455Z
020,Split #20,00:00:02.417,00:00:54.100,2023-04-06T17:02:32.872Z
021,Split #21,00:00:02.565,00:00:56.665,2023-04-06T17:02:35.437Z
022,Split #22,00:00:02.464,00:00:59.129,2023-04-06T17:02:37.901Z
023,Split #23,00:00:02.363,00:01:01.492,2023-04-06T17:02:40.264Z
024,Split #24,00:00:02.452,00:01:03.944,2023-04-06T17:02:42.716Z
025,Split #25,00:00:02.600,00:01:06.544,2023-04-06T17:02:45.316Z
026,Split #26,00:00:02.620,00:01:09.164,2023-04-06T17:02:47.936Z
027,Split #27,00:00:02.364,00:01:11.528,2023-04-06T17:02:50.300Z
028,Split #28,00:00:02.385,00:01:13.913,2023-04-06T17:02:52.685Z
029,Split #29,00:00:02.317,00:01:16.230,2023-04-06T17:02:55.002Z
030,Split #30,00:00:02.204,00:01:18.434,2023-04-06T17:02:57.206Z
031,Split #31,00:00:02.138,00:01:20.572,2023-04-06T17:02:59.344Z
032,Split #32,00:00:02.206,00:01:22.778,2023-04-06T17:03:01.550Z
033,Split #33,00:00:02.159,00:01:24.937,2023-04-06T17:03:03.709Z
034,Split #34,00:00:02.363,00:01:27.300,2023-04-06T17:03:06.072Z
035,Split #35,00:00:02.205,00:01:29.505,2023-04-06T17:03:08.277Z
036,Split #36,00:00:02.249,00:01:31.754,2023-04-06T17:03:10.526Z
037,Split #37,00:00:02.273,00:01:34.027,2023-04-06T17:03:12.799Z
038,Split #38,00:00:02.295,00:01:36.322,2023-04-06T17:03:15.094Z
039,Split #39,00:00:02.363,00:01:38.685,2023-04-06T17:03:17.457Z
040,Split #40,00:00:02.284,00:01:40.969,2023-04-06T17:03:19.741Z
041,Split #41,00:00:02.182,00:01:43.151,2023-04-06T17:03:21.923Z
042,Split #42,00:00:02.182,00:01:45.333,2023-04-06T17:03:24.105Z
043,Split #43,00:00:00.967,00:01:46.300,2023-04-06T17:03:25.072Z
044,Split #44,00:00:01.508,00:01:47.808,2023-04-06T17:03:26.580Z
045,Split #45,00:00:02.250,00:01:50.058,2023-04-06T17:03:28.830Z
046,Split #46,00:00:02.183,00:01:52.241,2023-04-06T17:03:31.013Z
047,Split #47,00:00:02.723,00:01:54.964,2023-04-06T17:03:33.736Z
048,Split #48,00:00:02.295,00:01:57.259,2023-04-06T17:03:36.031Z
049,Split #49,00:00:02.475,00:01:59.734,2023-04-06T17:03:38.506Z
050,Split #50,00:00:02.217,00:02:01.951,2023-04-06T17:03:40.723Z
051,Split #51,00:00:02.294,00:02:04.245,2023-04-06T17:03:43.017Z
052,Split #52,00:00:02.295,00:02:06.540,2023-04-06T17:03:45.312Z
053,Split #53,00:00:02.250,00:02:08.790,2023-04-06T17:03:47.562Z
054,Split #54,00:00:02.363,00:02:11.153,2023-04-06T17:03:49.925Z
055,Split #55,00:00:02.272,00:02:13.425,2023-04-06T17:03:52.197Z
056,Split #56,00:00:02.611,00:02:16.036,2023-04-06T17:03:54.808Z
057,Split #57,00:00:02.519,00:02:18.555,2023-04-06T17:03:57.327Z
058,Split #58,00:00:02.364,00:02:20.919,2023-04-06T17:03:59.691Z
059,Split #59,00:00:02.181,00:02:23.100,2023-04-06T17:04:01.872Z
060,Split #60,00:00:02.257,00:02:25.357,2023-04-06T17:04:04.129Z
061,Split #61,00:00:02.288,00:02:27.645,2023-04-06T17:04:06.417Z
062,Split #62,00:00:02.251,00:02:29.896,2023-04-06T17:04:08.668Z
063,Split #63,00:00:02.273,00:02:32.169,2023-04-06T17:04:10.941Z
064,Split #64,00:00:02.226,00:02:34.395,2023-04-06T17:04:13.167Z
065,Split #65,00:00:02.227,00:02:36.622,2023-04-06T17:04:15.394Z
066,Split #66,00:00:02.160,00:02:38.782,2023-04-06T17:04:17.554Z
067,Split #67,00:00:02.565,00:02:41.347,2023-04-06T17:04:20.119Z
068,Split #68,00:00:02.386,00:02:43.733,2023-04-06T17:04:22.505Z
069,Split #69,00:00:02.341,00:02:46.074,2023-04-06T17:04:24.846Z
070,Split #70,00:00:02.429,00:02:48.503,2023-04-06T17:04:27.275Z
071,Split #71,00:00:02.385,00:02:50.888,2023-04-06T17:04:29.660Z
072,Split #72,00:00:02.407,00:02:53.295,2023-04-06T17:04:32.067Z
073,Split #73,00:00:02.364,00:02:55.659,2023-04-06T17:04:34.431Z
074,Split #74,00:00:02.339,00:02:57.998,2023-04-06T17:04:36.770Z
075,Split #75,00:00:02.587,00:03:00.585,2023-04-06T17:04:39.357Z
076,Split #76,00:00:02.521,00:03:03.106,2023-04-06T17:04:41.878Z
077,Split #77,00:00:02.430,00:03:05.536,2023-04-06T17:04:44.308Z
078,Split #78,00:00:02.385,00:03:07.921,2023-04-06T17:04:46.693Z
079,Split #79,00:00:02.429,00:03:10.350,2023-04-06T17:04:49.122Z
080,Split #80,00:00:02.520,00:03:12.870,2023-04-06T17:04:51.642Z
081,Split #81,00:00:02.566,00:03:15.436,2023-04-06T17:04:54.208Z
082,Split #82,00:00:02.497,00:03:17.933,2023-04-06T17:04:56.705Z
083,Split #83,00:00:02.700,00:03:20.633,2023-04-06T17:04:59.405Z
084,Split #84,00:00:02.498,00:03:23.131,2023-04-06T17:05:01.903Z
085,Split #85,00:00:02.407,00:03:25.538,2023-04-06T17:05:04.310Z
086,Split #86,00:00:02.453,00:03:27.991,2023-04-06T17:05:06.763Z
087,Split #87,00:00:02.092,00:03:30.083,2023-04-06T17:05:08.855Z
088,Split #88,00:00:03.218,00:03:33.301,2023-04-06T17:05:12.073Z
089,Split #89,00:00:02.880,00:03:36.181,2023-04-06T17:05:14.953Z
090,Split #90,00:00:02.386,00:03:38.567,2023-04-06T17:05:17.339Z
091,Split #91,00:00:02.676,00:03:41.243,2023-04-06T17:05:20.015Z
092,Split #92,00:00:02.565,00:03:43.808,2023-04-06T17:05:22.580Z
093,Split #93,00:00:02.544,00:03:46.352,2023-04-06T17:05:25.124Z
094,Split #94,00:00:02.655,00:03:49.007,2023-04-06T17:05:27.779Z
095,Split #95,00:00:02.543,00:03:51.550,2023-04-06T17:05:30.322Z
096,Split #96,00:00:02.597,00:03:54.147,2023-04-06T17:05:32.919Z
097,Split #97,00:00:02.633,00:03:56.780,2023-04-06T17:05:35.552Z
098,Split #98,00:00:02.656,00:03:59.436,2023-04-06T17:05:38.208Z
099,Split #99,00:00:02.654,00:04:02.090,2023-04-06T17:05:40.862Z
100,Split #100,00:00:02.723,00:04:04.813,2023-04-06T17:05:43.585Z
101,Split #101,00:00:02.879,00:04:07.692,2023-04-06T17:05:46.464Z
102,Split #102,00:00:02.477,00:04:10.169,2023-04-06T17:05:48.941Z
103,Split #103,00:00:02.788,00:04:12.957,2023-04-06T17:05:51.729Z
104,Split #104,00:00:02.747,00:04:15.704,2023-04-06T17:05:54.476Z
105,Split #105,00:00:02.879,00:04:18.583,2023-04-06T17:05:57.355Z
106,Split #106,00:00:02.812,00:04:21.395,2023-04-06T17:06:00.167Z
107,Split #107,00:00:02.724,00:04:24.119,2023-04-06T17:06:02.891Z
108,Split #108,00:00:02.811,00:04:26.930,2023-04-06T17:06:05.702Z
109,Split #109,00:00:02.835,00:04:29.765,2023-04-06T17:06:08.537Z
110,Split #110,00:00:02.656,00:04:32.421,2023-04-06T17:06:11.193Z
111,Split #111,00:00:02.564,00:04:34.985,2023-04-06T17:06:13.757Z
112,Split #112,00:00:02.723,00:04:37.708,2023-04-06T17:06:16.480Z
113,Split #113,00:00:02.722,00:04:40.430,2023-04-06T17:06:19.202Z
114,Split #114,00:00:01.822,00:04:42.252,2023-04-06T17:06:21.024Z
115,Split #115,00:00:02.836,00:04:45.088,2023-04-06T17:06:23.860Z
116,Split #116,00:00:02.587,00:04:47.675,2023-04-06T17:06:26.447Z
117,Split #117,00:00:02.520,00:04:50.195,2023-04-06T17:06:28.967Z
118,Split #118,00:00:02.588,00:04:52.783,2023-04-06T17:06:31.555Z
119,Split #119,00:00:03.330,00:04:56.113,2023-04-06T17:06:34.885Z
120,Split #120,00:00:02.722,00:04:58.835,2023-04-06T17:06:37.607Z
121,Split #121,00:00:02.678,00:05:01.513,2023-04-06T17:06:40.285Z
122,Split #122,00:00:02.857,00:05:04.370,2023-04-06T17:06:43.142Z
123,Split #123,00:00:03.128,00:05:07.498,2023-04-06T17:06:46.270Z
124,Split #124,00:00:02.745,00:05:10.243,2023-04-06T17:06:49.015Z
125,Split #125,00:00:02.430,00:05:12.673,2023-04-06T17:06:51.445Z
126,Split #126,00:00:02.929,00:05:15.602,2023-04-06T17:06:54.374Z
127,Split #127,00:00:02.268,00:05:17.870,2023-04-06T17:06:56.642Z
128,Split #128,00:00:01.982,00:05:19.852,2023-04-06T17:06:58.624Z
129,Split #129,00:00:01.912,00:05:21.764,2023-04-06T17:07:00.536Z
130,Split #130,00:00:01.911,00:05:23.675,2023-04-06T17:07:02.447Z
131,Split #131,00:00:01.936,00:05:25.611,2023-04-06T17:07:04.383Z
132,Split #132,00:00:01.755,00:05:27.366,2023-04-06T17:07:06.138Z
133,Split #133,00:00:01.935,00:05:29.301,2023-04-06T17:07:08.073Z
134,Split #134,00:00:02.498,00:05:31.799,2023-04-06T17:07:10.571Z
135,Split #135,00:00:02.790,00:05:34.589,2023-04-06T17:07:13.361Z
136,Split #136,00:00:02.339,00:05:36.928,2023-04-06T17:07:15.700Z
137,Split #137,00:00:02.408,00:05:39.336,2023-04-06T17:07:18.108Z
138,Split #138,00:00:02.115,00:05:41.451,2023-04-06T17:07:20.223Z
139,Split #139,00:00:02.519,00:05:43.970,2023-04-06T17:07:22.742Z
140,Split #140,00:00:02.307,00:05:46.277,2023-04-06T17:07:25.049Z
141,Split #141,00:00:02.240,00:05:48.517,2023-04-06T17:07:27.289Z
142,Split #142,00:00:02.610,00:05:51.127,2023-04-06T17:07:29.899Z
143,Split #143,00:00:02.248,00:05:53.375,2023-04-06T17:07:32.147Z
144,Split #144,00:00:02.712,00:05:56.087,2023-04-06T17:07:34.859Z
145,Split #145,00:00:02.577,00:05:58.664,2023-04-06T17:07:37.436Z
146,Split #146,00:00:02.205,00:06:00.869,2023-04-06T17:07:39.641Z
147,Split #147,00:00:02.521,00:06:03.390,2023-04-06T17:07:42.162Z
148,Split #148,00:00:02.317,00:06:05.707,2023-04-06T17:07:44.479Z
149,Split #149,00:00:02.451,00:06:08.158,2023-04-06T17:07:46.930Z
150,Split #150,00:00:02.409,00:06:10.567,2023-04-06T17:07:49.339Z
151,Split #151,00:00:02.361,00:06:12.928,2023-04-06T17:07:51.700Z
152,Split #152,00:00:02.881,00:06:15.809,2023-04-06T17:07:54.581Z
153,Split #153,00:00:02.363,00:06:18.172,2023-04-06T17:07:56.944Z
154,Split #154,00:00:02.430,00:06:20.602,2023-04-06T17:07:59.374Z
155,Split #155,00:00:02.318,00:06:22.920,2023-04-06T17:08:01.692Z
156,Split #156,00:00:02.294,00:06:25.214,2023-04-06T17:08:03.986Z
157,Split #157,00:00:02.295,00:06:27.509,2023-04-06T17:08:06.281Z
158,Split #158,00:00:02.272,00:06:29.781,2023-04-06T17:08:08.553Z
159,Split #159,00:00:02.295,00:06:32.076,2023-04-06T17:08:10.848Z
160,Split #160,00:00:02.386,00:06:34.462,2023-04-06T17:08:13.234Z
161,Split #161,00:00:02.249,00:06:36.711,2023-04-06T17:08:15.483Z
162,Split #162,00:00:02.352,00:06:39.063,2023-04-06T17:08:17.835Z
163,Split #163,00:00:02.363,00:06:41.426,2023-04-06T17:08:20.198Z
164,Split #164,00:00:02.429,00:06:43.855,2023-04-06T17:08:22.627Z
165,Split #165,00:00:02.318,00:06:46.173,2023-04-06T17:08:24.945Z
166,Split #166,00:00:02.363,00:06:48.536,2023-04-06T17:08:27.308Z
167,Split #167,00:00:02.520,00:06:51.056,2023-04-06T17:08:29.828Z
168,Split #168,00:00:02.451,00:06:53.507,2023-04-06T17:08:32.279Z
169,Split #169,00:00:02.364,00:06:55.871,2023-04-06T17:08:34.643Z
170,Split #170,00:00:02.408,00:06:58.279,2023-04-06T17:08:37.051Z
171,Split #171,00:00:02.406,00:07:00.685,2023-04-06T17:08:39.457Z
172,Split #172,00:00:02.411,00:07:03.096,2023-04-06T17:08:41.868Z
173,Split #173,00:00:02.450,00:07:05.546,2023-04-06T17:08:44.318Z
174,Split #174,00:00:02.575,00:07:08.121,2023-04-06T17:08:46.893Z
175,Split #175,00:00:02.532,00:07:10.653,2023-04-06T17:08:49.425Z
176,Split #176,00:00:02.566,00:07:13.219,2023-04-06T17:08:51.991Z
177,Split #177,00:00:02.620,00:07:15.839,2023-04-06T17:08:54.611Z
178,Split #178,00:00:02.734,00:07:18.573,2023-04-06T17:08:57.345Z
179,Split #179,00:00:02.826,00:07:21.399,2023-04-06T17:09:00.171Z
180,Split #180,00:00:02.699,00:07:24.098,2023-04-06T17:09:02.870Z
181,Split #181,00:00:02.857,00:07:26.955,2023-04-06T17:09:05.727Z
182,Split #182,00:00:02.699,00:07:29.654,2023-04-06T17:09:08.426Z
183,Split #183,00:00:02.747,00:07:32.401,2023-04-06T17:09:11.173Z
184,Split #184,00:00:02.451,00:07:34.852,2023-04-06T17:09:13.624Z
185,Split #185,00:00:02.790,00:07:37.642,2023-04-06T17:09:16.414Z
186,Split #186,00:00:02.543,00:07:40.185,2023-04-06T17:09:18.957Z
187,Split #187,00:00:02.700,00:07:42.885,2023-04-06T17:09:21.657Z
188,Split #188,00:00:02.184,00:07:45.069,2023-04-06T17:09:23.841Z
189,Split #189,00:00:02.338,00:07:47.407,2023-04-06T17:09:26.179Z
190,Split #190,00:00:02.229,00:07:49.636,2023-04-06T17:09:28.408Z
191,Split #191,00:00:02.608,00:07:52.244,2023-04-06T17:09:31.016Z
192,Split #192,00:00:02.343,00:07:54.587,2023-04-06T17:09:33.359Z
193,Split #193,00:00:02.653,00:07:57.240,2023-04-06T17:09:36.012Z
194,Split #194,00:00:02.294,00:07:59.534,2023-04-06T17:09:38.306Z
195,Split #195,00:00:02.431,00:08:01.965,2023-04-06T17:09:40.737Z
196,Split #196,00:00:02.160,00:08:04.125,2023-04-06T17:09:42.897Z
197,Split #197,00:00:02.182,00:08:06.307,2023-04-06T17:09:45.079Z
198,Split #198,00:00:02.475,00:08:08.782,2023-04-06T17:09:47.554Z
199,Split #199,00:00:02.431,00:08:11.213,2023-04-06T17:09:49.985Z
200,Split #200,00:00:01.912,00:08:13.125,2023-04-06T17:09:51.897Z
201,Split #201,00:00:02.611,00:08:15.736,2023-04-06T17:09:54.508Z
202,Split #202,00:00:02.879,00:08:18.615,2023-04-06T17:09:57.387Z
203,Split #203,00:00:03.038,00:08:21.653,2023-04-06T17:10:00.425Z
204,Split #204,00:00:02.364,00:08:24.017,2023-04-06T17:10:02.789Z
205,Split #205,00:00:02.518,00:08:26.535,2023-04-06T17:10:05.307Z
206,Split #206,00:00:03.060,00:08:29.595,2023-04-06T17:10:08.367Z
207,Split #207,00:00:02.701,00:08:32.296,2023-04-06T17:10:11.068Z
208,Split #208,00:00:02.519,00:08:34.815,2023-04-06T17:10:13.587Z
209,Split #209,00:00:02.500,00:08:37.315,2023-04-06T17:10:16.087Z
210,Split #210,00:00:03.957,00:08:41.272,2023-04-06T17:10:20.044Z
211,Split #211,00:00:03.533,00:08:44.805,2023-04-06T17:10:23.577Z
212,Split #212,00:00:02.632,00:08:47.437,2023-04-06T17:10:26.209Z
213,Split #213,00:00:02.544,00:08:49.981,2023-04-06T17:10:28.753Z
214,Split #214,00:00:03.083,00:08:53.064,2023-04-06T17:10:31.836Z
215,Split #215,00:00:02.541,00:08:55.605,2023-04-06T17:10:34.377Z
216,Split #216,00:00:02.948,00:08:58.553,2023-04-06T17:10:37.325Z
217,Split #217,00:00:02.452,00:09:01.005,2023-04-06T17:10:39.777Z
218,Split #218,00:00:02.793,00:09:03.798,2023-04-06T17:10:42.570Z
219,Split #219,00:00:02.586,00:09:06.384,2023-04-06T17:10:45.156Z
220,Split #220,00:00:02.431,00:09:08.815,2023-04-06T17:10:47.587Z
221,Split #221,00:00:02.495,00:09:11.310,2023-04-06T17:10:50.082Z
222,Split #222,00:00:02.385,00:09:13.695,2023-04-06T17:10:52.467Z
223,Split #223,00:00:02.476,00:09:16.171,2023-04-06T17:10:54.943Z
224,Split #224,00:00:02.430,00:09:18.601,2023-04-06T17:10:57.373Z
225,Split #225,00:00:02.339,00:09:20.940,2023-04-06T17:10:59.712Z
226,Split #226,00:00:02.251,00:09:23.191,2023-04-06T17:11:01.963Z
227,Split #227,00:00:02.587,00:09:25.778,2023-04-06T17:11:04.550Z
228,Split #228,00:00:02.389,00:09:28.167,2023-04-06T17:11:06.939Z
229,Split #229,00:00:02.561,00:09:30.728,2023-04-06T17:11:09.500Z
230,Split #230,00:00:02.453,00:09:33.181,2023-04-06T17:11:11.953Z
231,Split #231,00:00:02.588,00:09:35.769,2023-04-06T17:11:14.541Z
232,Split #232,00:00:02.319,00:09:38.088,2023-04-06T17:11:16.860Z
233,Split #233,00:00:02.405,00:09:40.493,2023-04-06T17:11:19.265Z
234,Split #234,00:00:02.318,00:09:42.811,2023-04-06T17:11:21.583Z
235,Split #235,00:00:02.295,00:09:45.106,2023-04-06T17:11:23.878Z
236,Split #236,00:00:02.364,00:09:47.470,2023-04-06T17:11:26.242Z
237,Split #237,00:00:02.271,00:09:49.741,2023-04-06T17:11:28.513Z
238,Split #238,00:00:02.297,00:09:52.038,2023-04-06T17:11:30.810Z
239,Split #239,00:00:02.270,00:09:54.308,2023-04-06T17:11:33.080Z
240,Split #240,00:00:02.250,00:09:56.558,2023-04-06T17:11:35.330Z
241,Split #241,00:00:02.184,00:09:58.742,2023-04-06T17:11:37.514Z
242,Split #242,00:00:02.271,00:10:01.013,2023-04-06T17:11:39.785Z
243,Split #243,00:00:02.206,00:10:03.219,2023-04-06T17:11:41.991Z
244,Split #244,00:00:02.250,00:10:05.469,2023-04-06T17:11:44.241Z
245,Split #245,00:00:02.227,00:10:07.696,2023-04-06T17:11:46.468Z
246,Split #246,00:00:02.295,00:10:09.991,2023-04-06T17:11:48.763Z
247,Split #247,00:00:02.542,00:10:12.533,2023-04-06T17:11:51.305Z
248,Split #248,00:00:02.183,00:10:14.716,2023-04-06T17:11:53.488Z
249,Split #249,00:00:02.295,00:10:17.011,2023-04-06T17:11:55.783Z
250,Split #250,00:00:02.298,00:10:19.309,2023-04-06T17:11:58.081Z
251,Split #251,00:00:03.462,00:10:22.771,2023-04-06T17:12:01.543Z
252,Split #252,00:00:02.633,00:10:25.404,2023-04-06T17:12:04.176Z
253,Split #253,00:00:02.790,00:10:28.194,2023-04-06T17:12:06.966Z
254,Split #254,00:00:02.295,00:10:30.489,2023-04-06T17:12:09.261Z
255,Split #255,00:00:02.746,00:10:33.235,2023-04-06T17:12:12.007Z
256,Split #256,00:00:04.232,00:10:37.467,2023-04-06T17:12:16.239Z
257,Split #257,00:00:02.903,00:10:40.370,2023-04-06T17:12:19.142Z
258,Split #258,00:00:04.548,00:10:44.918,2023-04-06T17:12:23.690Z