#,Label,Interval,Total,Time Recorded
000,Start #1,---,---,2023-04-07T16:31:20.302Z
001,Split #1,00:00:03.938,00:00:03.938,2023-04-07T16:31:24.240Z
002,Split #2,00:00:02.608,00:00:06.546,2023-04-07T16:31:26.848Z
003,Split #3,00:00:02.927,00:00:09.473,2023-04-07T16:31:29.775Z
004,Split #4,00:00:02.700,00:00:12.173,2023-04-07T16:31:32.475Z
005,Split #5,00:00:03.329,00:00:15.502,2023-04-07T16:31:35.804Z
006,Split #6,00:00:02.407,00:00:17.909,2023-04-07T16:31:38.211Z
007,Split #7,00:00:02.678,00:00:20.587,2023-04-07T16:31:40.889Z
008,Split #8,00:00:03.217,00:00:23.804,2023-04-07T16:31:44.106Z
009,Split #9,00:00:02.880,00:00:26.684,2023-04-07T16:31:46.986Z
010,Split #10,00:00:03.353,00:00:30.037,2023-04-07T16:31:50.339Z
011,Split #11,00:00:03.217,00:00:33.254,2023-04-07T16:31:53.556Z
012,Split #12,00:00:02.677,00:00:35.931,2023-04-07T16:31:56.233Z
013,Split #13,00:00:02.970,00:00:38.901,2023-04-07T16:31:59.203Z
014,Split #14,00:00:03.105,00:00:42.006,2023-04-07T16:32:02.308Z
015,Split #15,00:00:03.308,00:00:45.314,2023-04-07T16:32:05.616Z
016,Split #16,00:00:03.443,00:00:48.757,2023-04-07T16:32:09.059Z
017,Split #17,00:00:03.397,00:00:52.154,2023-04-07T16:32:12.456Z
018,Split #18,00:00:03.150,00:00:55.304,2023-04-07T16:32:15.606Z
019,Split #19,00:00:03.330,00:00:58.634,2023-04-07T16:32:18.936Z
020,Split #20,00:00:03.037,00:01:01.671,2023-04-07T16:32:21.973Z
021,Split #21,00:00:03.015,00:01:04.686,2023-04-07T16:32:24.988Z
022,Split #22,00:00:03.162,00:01:07.848,2023-04-07T16:32:28.150Z
023,Split #23,00:00:03.105,00:01:10.953,2023-04-07T16:32:31.255Z
024,Split #24,00:00:03.263,00:01:14.216,2023-04-07T16:32:34.518Z
025,Split #25,00:00:03.262,00:01:17.478,2023-04-07T16:32:37.780Z
026,Split #26,00:00:02.363,00:01:19.841,2023-04-07T16:32:40.143Z
027,Split #27,00:00:02.385,00:01:22.226,2023-04-07T16:32:42.528Z
028,Split #28,00:00:02.317,00:01:24.543,2023-04-07T16:32:44.845Z
029,Split #29,00:00:02.362,00:01:26.905,2023-04-07T16:32:47.207Z
030,Split #30,00:00:02.723,00:01:29.628,2023-04-07T16:32:49.930Z
031,Split #31,00:00:02.476,00:01:32.104,2023-04-07T16:32:52.406Z
032,Split #32,00:00:02.812,00:01:34.916,2023-04-07T16:32:55.218Z
033,Split #33,00:00:02.440,00:01:37.356,2023-04-07T16:32:57.658Z
034,Split #34,00:00:02.554,00:01:39.910,2023-04-07T16:33:00.212Z
035,Split #35,00:00:02.655,00:01:42.565,2023-04-07T16:33:02.867Z
036,Split #36,00:00:02.565,00:01:45.130,2023-04-07T16:33:05.432Z
037,Split #37,00:00:02.633,00:01:47.763,2023-04-07T16:33:08.065Z
038,Split #38,00:00:02.430,00:01:50.193,2023-04-07T16:33:10.495Z
039,Split #39,00:00:02.611,00:01:52.804,2023-04-07T16:33:13.106Z
040,Split #40,00:00:02.429,00:01:55.233,2023-04-07T16:33:15.535Z
041,Split #41,00:00:02.340,00:01:57.573,2023-04-07T16:33:17.875Z
042,Split #42,00:00:02.452,00:02:00.025,2023-04-07T16:33:20.327Z
043,Split #43,00:00:02.588,00:02:02.613,2023-04-07T16:33:22.915Z
044,Split #44,00:00:02.587,00:02:05.200,2023-04-07T16:33:25.502Z
045,Split #45,00:00:02.543,00:02:07.743,2023-04-07T16:33:28.045Z
046,Split #46,00:00:02.588,00:02:10.331,2023-04-07T16:33:30.633Z
047,Split #47,00:00:02.564,00:02:12.895,2023-04-07T16:33:33.197Z
048,Split #48,00:00:02.948,00:02:15.843,2023-04-07T16:33:36.145Z
049,Split #49,00:00:02.768,00:02:18.611,2023-04-07T16:33:38.913Z
050,Split #50,00:00:02.520,00:02:21.131,2023-04-07T16:33:41.433Z
051,Split #51,00:00:02.554,00:02:23.685,2023-04-07T16:33:43.987Z
052,Split #52,00:00:02.519,00:02:26.204,2023-04-07T16:33:46.506Z
053,Split #53,00:00:02.724,00:02:28.928,2023-04-07T16:33:49.230Z
054,Split #54,00:00:02.633,00:02:31.561,2023-04-07T16:33:51.863Z
055,Split #55,00:00:02.496,00:02:34.057,2023-04-07T16:33:54.359Z
056,Split #56,00:00:03.059,00:02:37.116,2023-04-07T16:33:57.418Z
057,Split #57,00:00:02.408,00:02:39.524,2023-04-07T16:33:59.826Z
058,Split #58,00:00:02.385,00:02:41.909,2023-04-07T16:34:02.211Z
059,Split #59,00:00:02.386,00:02:44.295,2023-04-07T16:34:04.597Z
060,Split #60,00:00:02.407,00:02:46.702,2023-04-07T16:34:07.004Z
061,Split #61,00:00:02.564,00:02:49.266,2023-04-07T16:34:09.568Z
062,Split #62,00:00:02.521,00:02:51.787,2023-04-07T16:34:12.089Z
063,Split #63,00:00:02.655,00:02:54.442,2023-04-07T16:34:14.744Z
064,Split #64,00:00:02.542,00:02:56.984,2023-04-07T16:34:17.286Z
065,Split #65,00:00:02.453,00:02:59.437,2023-04-07T16:34:19.739Z
066,Split #66,00:00:02.498,00:03:01.935,2023-04-07T16:34:22.237Z
067,Split #67,00:00:02.564,00:03:04.499,2023-04-07T16:34:24.801Z
068,Split #68,00:00:02.318,00:03:06.817,2023-04-07T16:34:27.119Z
069,Split #69,00:00:02.465,00:03:09.282,2023-04-07T16:34:29.584Z
070,Split #70,00:00:02.385,00:03:11.667,2023-04-07T16:34:31.969Z
071,Split #71,00:00:02.451,00:03:14.118,2023-04-07T16:34:34.420Z
072,Split #72,00:00:02.228,00:03:16.346,2023-04-07T16:34:36.648Z
073,Split #73,00:00:02.362,00:03:18.708,2023-04-07T16:34:39.010Z
074,Split #74,00:00:02.655,00:03:21.363,2023-04-07T16:34:41.665Z
075,Split #75,00:00:02.362,00:03:23.725,2023-04-07T16:34:44.027Z
076,Split #76,00:00:02.250,00:03:25.975,2023-04-07T16:34:46.277Z
077,Split #77,00:00:02.859,00:03:28.834,2023-04-07T16:34:49.136Z
078,Split #78,00:00:02.519,00:03:31.353,2023-04-07T16:34:51.655Z
079,Split #79,00:00:02.678,00:03:34.031,2023-04-07T16:34:54.333Z
080,Split #80,00:00:02.971,00:03:37.002,2023-04-07T16:34:57.304Z
081,Split #81,00:00:03.396,00:03:40.398,2023-04-07T16:35:00.700Z
082,Split #82,00:00:02.902,00:03:43.300,2023-04-07T16:35:03.602Z
083,Split #83,00:00:02.804,00:03:46.104,2023-04-07T16:35:06.406Z
084,Split #84,00:00:02.542,00:03:48.646,2023-04-07T16:35:08.948Z
085,Split #85,00:00:02.923,00:03:51.569,2023-04-07T16:35:11.871Z
086,Split #86,00:00:03.061,00:03:54.630,2023-04-07T16:35:14.932Z
087,Split #87,00:00:03.419,00:03:58.049,2023-04-07T16:35:18.351Z
088,Split #88,00:00:03.128,00:04:01.177,2023-04-07T16:35:21.479Z
089,Split #89,00:00:02.970,00:04:04.147,2023-04-07T16:35:24.449Z
090,Split #90,00:00:03.060,00:04:07.207,2023-04-07T16:35:27.509Z
091,Split #91,00:00:02.610,00:04:09.817,2023-04-07T16:35:30.119Z
092,Split #92,00:00:02.385,00:04:12.202,2023-04-07T16:35:32.504Z
093,Split #93,00:00:02.994,00:04:15.196,2023-04-07T16:35:35.498Z
094,Split #94,00:00:02.226,00:04:17.422,2023-04-07T16:35:37.724Z
095,Split #95,00:00:02.588,00:04:20.010,2023-04-07T16:35:40.312Z
096,Split #96,00:00:02.520,00:04:22.530,2023-04-07T16:35:42.832Z
097,Split #97,00:00:02.677,00:04:25.207,2023-04-07T16:35:45.509Z
098,Split #98,00:00:02.408,00:04:27.615,2023-04-07T16:35:47.917Z
099,Split #99,00:00:02.612,00:04:30.227,2023-04-07T16:35:50.529Z
100,Split #100,00:00:02.315,00:04:32.542,2023-04-07T16:35:52.844Z
101,Split #101,00:00:02.566,00:04:35.108,2023-04-07T16:35:55.410Z
102,Split #102,00:00:02.521,00:04:37.629,2023-04-07T16:35:57.931Z
103,Split #103,00:00:02.613,00:04:40.242,2023-04-07T16:36:00.544Z
104,Split #104,00:00:02.538,00:04:42.780,2023-04-07T16:36:03.082Z
105,Split #105,00:00:02.520,00:04:45.300,2023-04-07T16:36:05.602Z
106,Split #106,00:00:02.565,00:04:47.865,2023-04-07T16:36:08.167Z
107,Split #107,00:00:02.677,00:04:50.542,2023-04-07T16:36:10.844Z
108,Split #108,00:00:02.497,00:04:53.039,2023-04-07T16:36:13.341Z
109,Split #109,00:00:02.565,00:04:55.604,2023-04-07T16:36:15.906Z
110,Split #110,00:00:02.520,00:04:58.124,2023-04-07T16:36:18.426Z
111,Split #111,00:00:02.386,00:05:00.510,2023-04-07T16:36:20.812Z
112,Split #112,00:00:02.384,00:05:02.894,2023-04-07T16:36:23.196Z
113,Split #113,00:00:03.015,00:05:05.909,2023-04-07T16:36:26.211Z
114,Split #114,00:00:02.385,00:05:08.294,2023-04-07T16:36:28.596Z
115,Split #115,00:00:02.408,00:05:10.702,2023-04-07T16:36:31.004Z
116,Split #116,00:00:02.566,00:05:13.268,2023-04-07T16:36:33.570Z
117,Split #117,00:00:03.104,00:05:16.372,2023-04-07T16:36:36.674Z
118,Split #118,00:00:03.060,00:05:19.432,2023-04-07T16:36:39.734Z
119,Split #119,00:00:03.195,00:05:22.627,2023-04-07T16:36:42.929Z
120,Split #120,00:00:03.262,00:05:25.889,2023-04-07T16:36:46.191Z
121,Split #121,00:00:04.480,00:05:30.369,2023-04-07T16:36:50.671Z
122,Split #122,00:00:02.653,00:05:33.022,2023-04-07T16:36:53.324Z
123,Split #123,00:00:02.656,00:05:35.678,2023-04-07T16:36:55.980Z
124,Split #124,00:00:02.946,00:05:38.624,2023-04-07T16:36:58.926Z
125,Split #125,00:00:02.093,00:05:40.717,2023-04-07T16:37:01.019Z
126,Split #126,00:00:02.880,00:05:43.597,2023-04-07T16:37:03.899Z
127,Split #127,00:00:02.745,00:05:46.342,2023-04-07T16:37:06.644Z
128,Split #128,00:00:02.722,00:05:49.064,2023-04-07T16:37:09.366Z
129,Split #129,00:00:03.106,00:05:52.170,2023-04-07T16:37:12.472Z
130,Split #130,00:00:02.317,00:05:54.487,2023-04-07T16:37:14.789Z
131,Split #131,00:00:02.160,00:05:56.647,2023-04-07T16:37:16.949Z
132,Split #132,00:00:05.243,00:06:01.890,2023-04-07T16:37:22.192Z
133,Split #133,00:00:04.590,00:06:06.480,2023-04-07T16:37:26.782Z
134,Split #134,00:00:02.992,00:06:09.472,2023-04-07T16:37:29.774Z
135,Split #135,00:00:03.038,00:06:12.510,2023-04-07T16:37:32.812Z
136,Split #136,00:00:02.385,00:06:14.895,2023-04-07T16:37:35.197Z
137,Split #137,00:00:02.993,00:06:17.888,2023-04-07T16:37:38.190Z
138,Split #138,00:00:02.384,00:06:20.272,2023-04-07T16:37:40.574Z
139,Split #139,00:00:02.723,00:06:22.995,2023-04-07T16:37:43.297Z
140,Split #140,00:00:02.812,00:06:25.807,2023-04-07T16:37:46.109Z
141,Split #141,00:00:02.745,00:06:28.552,2023-04-07T16:37:48.854Z
142,Split #142,00:00:02.611,00:06:31.163,2023-04-07T16:37:51.465Z
143,Split #143,00:00:02.519,00:06:33.682,2023-04-07T16:37:53.984Z
144,Split #144,00:00:02.475,00:06:36.157,2023-04-07T16:37:56.459Z
145,Split #145,00:00:02.566,00:06:38.723,2023-04-07T16:37:59.025Z
146,Split #146,00:00:02.407,00:06:41.130,2023-04-07T16:38:01.432Z
147,Split #147,00:00:02.475,00:06:43.605,2023-04-07T16:38:03.907Z
148,Split #148,00:00:04.061,00:06:47.666,2023-04-07T16:38:07.968Z
149,Split #149,00:00:02.542,00:06:50.208,2023-04-07T16:38:10.510Z
150,Split #150,00:00:02.499,00:06:52.707,2023-04-07T16:38:13.009Z
151,Split #151,00:00:02.699,00:06:55.406,2023-04-07T16:38:15.708Z
152,Split #152,00:00:02.565,00:06:57.971,2023-04-07T16:38:18.273Z
153,Split #153,00:00:02.497,00:07:00.468,2023-04-07T16:38:20.770Z
154,Split #154,00:00:02.332,00:07:02.800,2023-04-07T16:38:23.102Z
155,Split #155,00:00:02.494,00:07:05.294,2023-04-07T16:38:25.596Z
156,Split #156,00:00:02.430,00:07:07.724,2023-04-07T16:38:28.026Z
157,Split #157,00:00:02.456,00:07:10.180,2023-04-07T16:38:30.482Z
158,Split #158,00:00:02.675,00:07:12.855,2023-04-07T16:38:33.157Z
159,Split #159,00:00:02.747,00:07:15.602,2023-04-07T16:38:35.904Z
160,Split #160,00:00:02.607,00:07:18.209,2023-04-07T16:38:38.511Z
161,Split #161,00:00:02.544,00:07:20.753,2023-04-07T16:38:41.055Z
162,Split #162,00:00:02.385,00:07:23.138,2023-04-07T16:38:43.440Z
163,Split #163,00:00:02.498,00:07:25.636,2023-04-07T16:38:45.938Z
164,Split #164,00:00:02.474,00:07:28.110,2023-04-07T16:38:48.412Z
165,Split #165,00:00:02.587,00:07:30.697,2023-04-07T16:38:50.999Z
166,Split #166,00:00:02.430,00:07:33.127,2023-04-07T16:38:53.429Z
167,Split #167,00:00:02.410,00:07:35.537,2023-04-07T16:38:55.839Z
168,Split #168,00:00:02.451,00:07:37.988,2023-04-07T16:38:58.290Z
169,Split #169,00:00:02.452,00:07:40.440,2023-04-07T16:39:00.742Z
170,Split #170,00:00:02.385,00:07:42.825,2023-04-07T16:39:03.127Z
171,Split #171,00:00:02.317,00:07:45.142,2023-04-07T16:39:05.444Z
172,Split #172,00:00:02.365,00:07:47.507,2023-04-07T16:39:07.809Z
173,Split #173,00:00:02.699,00:07:50.206,2023-04-07T16:39:10.508Z
174,Split #174,00:00:02.406,00:07:52.612,2023-04-07T16:39:12.914Z
175,Split #175,00:00:02.970,00:07:55.582,2023-04-07T16:39:15.884Z
176,Split #176,00:00:02.814,00:07:58.396,2023-04-07T16:39:18.698Z
177,Split #177,00:00:03.284,00:08:01.680,2023-04-07T16:39:21.982Z
178,Split #178,00:00:02.002,00:08:03.682,2023-04-07T16:39:23.984Z
179,Split #179,00:00:02.205,00:08:05.887,2023-04-07T16:39:26.189Z
180,Split #180,00:00:02.610,00:08:08.497,2023-04-07T16:39:28.799Z
181,Split #181,00:00:02.499,00:08:10.996,2023-04-07T16:39:31.298Z
182,Split #182,00:00:02.316,00:08:13.312,2023-04-07T16:39:33.614Z
183,Split #183,00:00:02.433,00:08:15.745,2023-04-07T16:39:36.047Z
184,Split #184,00:00:03.800,00:08:19.545,2023-04-07T16:39:39.847Z
185,Split #185,00:00:03.487,00:08:23.032,2023-04-07T16:39:43.334Z
186,Split #186,00:00:02.768,00:08:25.800,2023-04-07T16:39:46.102Z
187,Split #187,00:00:02.546,00:08:28.346,2023-04-07T16:39:48.648Z
188,Split #188,00:00:02.562,00:08:30.908,2023-04-07T16:39:51.210Z
189,Split #189,00:00:02.497,00:08:33.405,2023-04-07T16:39:53.707Z
190,Split #190,00:00:02.385,00:08:35.790,2023-04-07T16:39:56.092Z
191,Split #191,00:00:02.677,00:08:38.467,2023-04-07T16:39:58.769Z
192,Split #192,00:00:02.070,00:08:40.537,2023-04-07T16:40:00.839Z
193,Split #193,00:00:02.498,00:08:43.035,2023-04-07T16:40:03.337Z
194,Split #194,00:00:02.230,00:08:45.265,2023-04-07T16:40:05.567Z
195,Split #195,00:00:02.270,00:08:47.535,2023-04-07T16:40:07.837Z
196,Split #196,00:00:01.867,00:08:49.402,2023-04-07T16:40:09.704Z
197,Split #197,00:00:03.299,00:08:52.701,2023-04-07T16:40:13.003Z
198,Split #198,00:00:03.328,00:08:56.029,2023-04-07T16:40:16.331Z
199,Split #199,00:00:02.992,00:08:59.021,2023-04-07T16:40:19.323Z
200,Split #200,00:00:03.512,00:09:02.533,2023-04-07T16:40:22.835Z
201,Split #201,00:00:03.688,00:09:06.221,2023-04-07T16:40:26.523Z
202,Split #202,00:00:02.723,00:09:08.944,2023-04-07T16:40:29.246Z
203,Split #203,00:00:04.838,00:09:13.782,2023-04-07T16:40:34.084Z
204,Split #204,00:00:03.329,00:09:17.111,2023-04-07T16:40:37.413Z
205,Split #205,00:00:03.174,00:09:20.285,2023-04-07T16:40:40.587Z
206,Split #206,00:00:03.126,00:09:23.411,2023-04-07T16:40:43.713Z
207,Split #207,00:00:02.993,00:09:26.404,2023-04-07T16:40:46.706Z
208,Split #208,00:00:06.277,00:09:32.681,2023-04-07T16:40:52.983Z
209,Split #209,00:00:06.795,00:09:39.476,2023-04-07T16:40:59.778Z
210,Split #210,00:00:04.208,00:09:43.684,2023-04-07T16:41:03.986Z
211,Split #211,00:00:04.725,00:09:48.409,2023-04-07T16:41:08.711Z
212,Split #212,00:00:04.095,00:09:52.504,2023-04-07T16:41:12.806Z
213,Split #213,00:00:03.510,00:09:56.014,2023-04-07T16:41:16.316Z
214,Split #214,00:00:03.894,00:09:59.908,2023-04-07T16:41:20.210Z
215,Split #215,00:00:02.520,00:10:02.428,2023-04-07T16:41:22.730Z
216,Split #216,00:00:04.297,00:10:06.725,2023-04-07T16:41:27.027Z
217,Split #217,00:00:03.397,00:10:10.122,2023-04-07T16:41:30.424Z
218,Split #218,00:00:02.744,00:10:12.866,2023-04-07T16:41:33.168Z
219,Split #219,00:00:02.791,00:10:15.657,2023-04-07T16:41:35.959Z
220,Split #220,00:00:02.497,00:10:18.154,2023-04-07T16:41:38.456Z
221,Split #221,00:00:02.677,00:10:20.831,2023-04-07T16:41:41.133Z
222,Split #222,00:00:02.475,00:10:23.306,2023-04-07T16:41:43.608Z
223,Split #223,00:00:02.656,00:10:25.962,2023-04-07T16:41:46.264Z
224,Split #224,00:00:02.610,00:10:28.572,2023-04-07T16:41:48.874Z
225,Split #225,00:00:02.879,00:10:31.451,2023-04-07T16:41:51.753Z
226,Split #226,00:00:02.546,00:10:33.997,2023-04-07T16:41:54.299Z
227,Split #227,00:00:02.518,00:10:36.515,2023-04-07T16:41:56.817Z
228,Split #228,00:00:02.834,00:10:39.349,2023-04-07T16:41:59.651Z
229,Split #229,00:00:04.005,00:10:43.354,2023-04-07T16:42:03.656Z
230,Split #230,00:00:03.150,00:10:46.504,2023-04-07T16:42:06.806Z
231,Split #231,00:00:02.835,00:10:49.339,2023-04-07T16:42:09.641Z
232,Split #232,00:00:02.690,00:10:52.029,2023-04-07T16:42:12.331Z
233,Split #233,00:00:03.038,00:10:55.067,2023-04-07T16:42:15.369Z
234,Split #234,00:00:02.709,00:10:57.776,2023-04-07T16:42:18.078Z
235,Split #235,00:00:02.701,00:11:00.477,2023-04-07T16:42:20.779Z
236,Split #236,00:00:02.632,00:11:03.109,2023-04-07T16:42:23.411Z
237,Split #237,00:00:02.632,00:11:05.741,2023-04-07T16:42:26.043Z
238,Split #238,00:00:02.498,00:11:08.239,2023-04-07T16:42:28.541Z
239,Split #239,00:00:02.331,00:11:10.570,2023-04-07T16:42:30.872Z
240,Split #240,00:00:02.451,00:11:13.021,2023-04-07T16:42:33.323Z
241,Split #241,00:00:02.868,00:11:15.889,2023-04-07T16:42:36.191Z
242,Split #242,00:00:02.250,00:11:18.139,2023-04-07T16:42:38.441Z
243,Split #243,00:00:02.070,00:11:20.209,2023-04-07T16:42:40.511Z
244,Split #244,00:00:02.251,00:11:22.460,2023-04-07T16:42:42.762Z
245,Split #245,00:00:02.204,00:11:24.664,2023-04-07T16:42:44.966Z
246,Split #246,00:00:02.364,00:11:27.028,2023-04-07T16:42:47.330Z
247,Split #247,00:00:02.317,00:11:29.345,2023-04-07T16:42:49.647Z
248,Split #248,00:00:02.948,00:11:32.293,2023-04-07T16:42:52.595Z
249,Split #249,00:00:04.633,00:11:36.926,2023-04-07T16:42:57.228Z
250,Split #250,00:00:02.499,00:11:39.425,2023-04-07T16:42:59.727Z
251,Split #251,00:00:02.722,00:11:42.147,2023-04-07T16:43:02.449Z
252,Split #252,00:00:02.904,00:11:45.051,2023-04-07T16:43:05.353Z
253,Split #253,00:00:03.711,00:11:48.762,2023-04-07T16:43:09.064Z
254,Split #254,00:00:05.625,00:11:54.387,2023-04-07T16:43:14.689Z
255,Split #255,00:00:06.505,00:12:00.892,2023-04-07T16:43:21.194Z
256,Split #256,00:00:07.335,00:12:08.227,2023-04-07T16:43:28.529Z
257,Split #257,00:00:10.662,00:12:18.889,2023-04-07T16:43:39.191Z