#,Label,Interval,Total,Time Recorded
000,Start #1,---,---,2023-04-05T13:23:14.885Z
001,Split #1,00:00:04.084,00:00:04.084,2023-04-05T13:23:18.969Z
002,Split #2,00:00:02.653,00:00:06.737,2023-04-05T13:23:21.622Z
003,Split #3,00:00:03.386,00:00:10.123,2023-04-05T13:23:25.008Z
004,Split #4,00:00:03.668,00:00:13.791,2023-04-05T13:23:28.676Z
005,Split #5,00:00:03.622,00:00:17.413,2023-04-05T13:23:32.298Z
006,Split #6,00:00:03.107,00:00:20.520,2023-04-05T13:23:35.405Z
007,Split #7,00:00:03.239,00:00:23.759,2023-04-05T13:23:38.644Z
008,Split #8,00:00:03.689,00:00:27.448,2023-04-05T13:23:42.333Z
009,Split #9,00:00:02.767,00:00:30.215,2023-04-05T13:23:45.100Z
010,Split #10,00:00:02.847,00:00:33.062,2023-04-05T13:23:47.947Z
011,Split #11,00:00:03.014,00:00:36.076,2023-04-05T13:23:50.961Z
012,Split #12,00:00:02.903,00:00:38.979,2023-04-05T13:23:53.864Z
013,Split #13,00:00:03.195,00:00:42.174,2023-04-05T13:23:57.059Z
014,Split #14,00:00:03.307,00:00:45.481,2023-04-05T13:24:00.366Z
015,Split #15,00:00:03.454,00:00:48.935,2023-04-05T13:24:03.820Z
016,Split #16,00:00:03.758,00:00:52.693,2023-04-05T13:24:07.578Z
017,Split #17,00:00:02.610,00:00:55.303,2023-04-05T13:24:10.188Z
018,Split #18,00:00:02.509,00:00:57.812,2023-04-05T13:24:12.697Z
019,Split #19,00:00:02.812,00:01:00.624,2023-04-05T13:24:15.509Z
020,Split #20,00:00:02.879,00:01:03.503,2023-04-05T13:24:18.388Z
021,Split #21,00:00:02.948,00:01:06.451,2023-04-05T13:24:21.336Z
022,Split #22,00:00:02.656,00:01:09.107,2023-04-05T13:24:23.992Z
023,Split #23,00:00:02.654,00:01:11.761,2023-04-05T13:24:26.646Z
024,Split #24,00:00:04.545,00:01:16.306,2023-04-05T13:24:31.191Z
025,Split #25,00:00:03.285,00:01:19.591,2023-04-05T13:24:34.476Z
026,Split #26,00:00:02.700,00:01:22.291,2023-04-05T13:24:37.176Z
027,Split #27,00:00:02.386,00:01:24.677,2023-04-05T13:24:39.562Z
028,Split #28,00:00:03.103,00:01:27.780,2023-04-05T13:24:42.665Z
029,Split #29,00:00:02.521,00:01:30.301,2023-04-05T13:24:45.186Z
030,Split #30,00:00:03.060,00:01:33.361,2023-04-05T13:24:48.246Z
031,Split #31,00:00:02.340,00:01:35.701,2023-04-05T13:24:50.586Z
032,Split #32,00:00:03.239,00:01:38.940,2023-04-05T13:24:53.825Z
033,Split #33,00:00:03.713,00:01:42.653,2023-04-05T13:24:57.538Z
034,Split #34,00:00:02.768,00:01:45.421,2023-04-05T13:25:00.306Z
035,Split #35,00:00:02.656,00:01:48.077,2023-04-05T13:25:02.962Z
036,Split #36,00:00:02.676,00:01:50.753,2023-04-05T13:25:05.638Z
037,Split #37,00:00:02.564,00:01:53.317,2023-04-05T13:25:08.202Z
038,Split #38,00:00:02.307,00:01:55.624,2023-04-05T13:25:10.509Z
039,Split #39,00:00:02.140,00:01:57.764,2023-04-05T13:25:12.649Z
040,Split #40,00:00:02.269,00:02:00.033,2023-04-05T13:25:14.918Z
041,Split #41,00:00:02.566,00:02:02.599,2023-04-05T13:25:17.484Z
042,Split #42,00:00:02.475,00:02:05.074,2023-04-05T13:25:19.959Z
043,Split #43,00:00:02.542,00:02:07.616,2023-04-05T13:25:22.501Z
044,Split #44,00:00:02.228,00:02:09.844,2023-04-05T13:25:24.729Z
045,Split #45,00:00:02.589,00:02:12.433,2023-04-05T13:25:27.318Z
046,Split #46,00:00:02.811,00:02:15.244,2023-04-05T13:25:30.129Z
047,Split #47,00:00:02.542,00:02:17.786,2023-04-05T13:25:32.671Z
048,Split #48,00:00:02.666,00:02:20.452,2023-04-05T13:25:35.337Z
049,Split #49,00:00:03.240,00:02:23.692,2023-04-05T13:25:38.577Z
050,Split #50,00:00:02.813,00:02:26.505,2023-04-05T13:25:41.390Z
051,Split #51,00:00:02.882,00:02:29.387,2023-04-05T13:25:44.272Z
052,Split #52,00:00:02.664,00:02:32.051,2023-04-05T13:25:46.936Z
053,Split #53,00:00:02.216,00:02:34.267,2023-04-05T13:25:49.152Z
054,Split #54,00:00:02.306,00:02:36.573,2023-04-05T13:25:51.458Z
055,Split #55,00:00:02.499,00:02:39.072,2023-04-05T13:25:53.957Z
056,Split #56,00:00:02.316,00:02:41.388,2023-04-05T13:25:56.273Z
057,Split #57,00:00:02.373,00:02:43.761,2023-04-05T13:25:58.646Z
058,Split #58,00:00:02.342,00:02:46.103,2023-04-05T13:26:00.988Z
059,Split #59,00:00:02.474,00:02:48.577,2023-04-05T13:26:03.462Z
060,Split #60,00:00:02.249,00:02:50.826,2023-04-05T13:26:05.711Z
061,Split #61,00:00:02.296,00:02:53.122,2023-04-05T13:26:08.007Z
062,Split #62,00:00:02.318,00:02:55.440,2023-04-05T13:26:10.325Z
063,Split #63,00:00:02.406,00:02:57.846,2023-04-05T13:26:12.731Z
064,Split #64,00:00:02.724,00:03:00.570,2023-04-05T13:26:15.455Z
065,Split #65,00:00:03.014,00:03:03.584,2023-04-05T13:26:18.469Z
066,Split #66,00:00:02.509,00:03:06.093,2023-04-05T13:26:20.978Z
067,Split #67,00:00:02.362,00:03:08.455,2023-04-05T13:26:23.340Z
068,Split #68,00:00:02.272,00:03:10.727,2023-04-05T13:26:25.612Z
069,Split #69,00:00:02.408,00:03:13.135,2023-04-05T13:26:28.020Z
070,Split #70,00:00:02.520,00:03:15.655,2023-04-05T13:26:30.540Z
071,Split #71,00:00:02.339,00:03:17.994,2023-04-05T13:26:32.879Z
072,Split #72,00:00:02.095,00:03:20.089,2023-04-05T13:26:34.974Z
073,Split #73,00:00:02.980,00:03:23.069,2023-04-05T13:26:37.954Z
074,Split #74,00:00:02.904,00:03:25.973,2023-04-05T13:26:40.858Z
075,Split #75,00:00:03.114,00:03:29.087,2023-04-05T13:26:43.972Z
076,Split #76,00:00:02.937,00:03:32.024,2023-04-05T13:26:46.909Z
077,Split #77,00:00:03.825,00:03:35.849,2023-04-05T13:26:50.734Z
078,Split #78,00:00:03.464,00:03:39.313,2023-04-05T13:26:54.198Z
079,Split #79,00:00:02.928,00:03:42.241,2023-04-05T13:26:57.126Z
080,Split #80,00:00:03.735,00:03:45.976,2023-04-05T13:27:00.861Z
081,Split #81,00:00:03.283,00:03:49.259,2023-04-05T13:27:04.144Z
082,Split #82,00:00:03.084,00:03:52.343,2023-04-05T13:27:07.228Z
083,Split #83,00:00:02.855,00:03:55.198,2023-04-05T13:27:10.083Z
084,Split #84,00:00:02.723,00:03:57.921,2023-04-05T13:27:12.806Z
085,Split #85,00:00:03.352,00:04:01.273,2023-04-05T13:27:16.158Z
086,Split #86,00:00:02.790,00:04:04.063,2023-04-05T13:27:18.948Z
087,Split #87,00:00:02.701,00:04:06.764,2023-04-05T13:27:21.649Z
088,Split #88,00:00:02.835,00:04:09.599,2023-04-05T13:27:24.484Z
089,Split #89,00:00:03.196,00:04:12.795,2023-04-05T13:27:27.680Z
090,Split #90,00:00:02.408,00:04:15.203,2023-04-05T13:27:30.088Z
091,Split #91,00:00:02.524,00:04:17.727,2023-04-05T13:27:32.612Z
092,Split #92,00:00:02.433,00:04:20.160,2023-04-05T13:27:35.045Z
093,Split #93,00:00:02.536,00:04:22.696,2023-04-05T13:27:37.581Z
094,Split #94,00:00:02.340,00:04:25.036,2023-04-05T13:27:39.921Z
095,Split #95,00:00:02.545,00:04:27.581,2023-04-05T13:27:42.466Z
096,Split #96,00:00:02.703,00:04:30.284,2023-04-05T13:27:45.169Z
097,Split #97,00:00:02.790,00:04:33.074,2023-04-05T13:27:47.959Z
098,Split #98,00:00:02.454,00:04:35.528,2023-04-05T13:27:50.413Z
099,Split #99,00:00:02.385,00:04:37.913,2023-04-05T13:27:52.798Z
100,Split #100,00:00:02.612,00:04:40.525,2023-04-05T13:27:55.410Z
101,Split #101,00:00:02.887,00:04:43.412,2023-04-05T13:27:58.297Z
102,Split #102,00:00:02.380,00:04:45.792,2023-04-05T13:28:00.677Z
103,Split #103,00:00:02.587,00:04:48.379,2023-04-05T13:28:03.264Z
104,Split #104,00:00:02.655,00:04:51.034,2023-04-05T13:28:05.919Z
105,Split #105,00:00:03.624,00:04:54.658,2023-04-05T13:28:09.543Z
106,Split #106,00:00:03.150,00:04:57.808,2023-04-05T13:28:12.693Z
107,Split #107,00:00:02.746,00:05:00.554,2023-04-05T13:28:15.439Z
108,Split #108,00:00:02.936,00:05:03.490,2023-04-05T13:28:18.375Z
109,Split #109,00:00:03.195,00:05:06.685,2023-04-05T13:28:21.570Z
110,Split #110,00:00:02.858,00:05:09.543,2023-04-05T13:28:24.428Z
111,Split #111,00:00:02.689,00:05:12.232,2023-04-05T13:28:27.117Z
112,Split #112,00:00:02.993,00:05:15.225,2023-04-05T13:28:30.110Z
113,Split #113,00:00:03.757,00:05:18.982,2023-04-05T13:28:33.867Z
114,Split #114,00:00:03.028,00:05:22.010,2023-04-05T13:28:36.895Z
115,Split #115,00:00:02.857,00:05:24.867,2023-04-05T13:28:39.752Z
116,Split #116,00:00:02.880,00:05:27.747,2023-04-05T13:28:42.632Z
117,Split #117,00:00:03.554,00:05:31.301,2023-04-05T13:28:46.186Z
118,Split #118,00:00:03.374,00:05:34.675,2023-04-05T13:28:49.560Z
119,Split #119,00:00:02.726,00:05:37.401,2023-04-05T13:28:52.286Z
120,Split #120,00:00:03.317,00:05:40.718,2023-04-05T13:28:55.603Z
121,Split #121,00:00:03.984,00:05:44.702,2023-04-05T13:28:59.587Z
122,Split #122,00:00:03.035,00:05:47.737,2023-04-05T13:29:02.622Z
123,Split #123,00:00:03.139,00:05:50.876,2023-04-05T13:29:05.761Z
124,Split #124,00:00:04.387,00:05:55.263,2023-04-05T13:29:10.148Z
125,Split #125,00:00:04.344,00:05:59.607,2023-04-05T13:29:14.492Z
126,Split #126,00:00:03.284,00:06:02.891,2023-04-05T13:29:17.776Z
127,Split #127,00:00:03.341,00:06:06.232,2023-04-05T13:29:21.117Z
128,Split #128,00:00:03.645,00:06:09.877,2023-04-05T13:29:24.762Z
129,Split #129,00:00:06.502,00:06:16.379,2023-04-05T13:29:31.264Z
130,Split #130,00:00:03.352,00:06:19.731,2023-04-05T13:29:34.616Z
131,Split #131,00:00:05.333,00:06:25.064,2023-04-05T13:29:39.949Z
132,Split #132,00:00:05.356,00:06:30.420,2023-04-05T13:29:45.305Z
133,Split #133,00:00:03.802,00:06:34.222,2023-04-05T13:29:49.107Z
134,Split #134,00:00:02.273,00:06:36.495,2023-04-05T13:29:51.380Z
135,Split #135,00:00:02.948,00:06:39.443,2023-04-05T13:29:54.328Z
136,Split #136,00:00:02.993,00:06:42.436,2023-04-05T13:29:57.321Z
137,Split #137,00:00:03.193,00:06:45.629,2023-04-05T13:30:00.514Z
138,Split #138,00:00:02.993,00:06:48.622,2023-04-05T13:30:03.507Z
139,Split #139,00:00:05.739,00:06:54.361,2023-04-05T13:30:09.246Z
140,Split #140,00:00:03.036,00:06:57.397,2023-04-05T13:30:12.282Z
141,Split #141,00:00:02.835,00:07:00.232,2023-04-05T13:30:15.117Z
142,Split #142,00:00:03.127,00:07:03.359,2023-04-05T13:30:18.244Z
143,Split #143,00:00:02.633,00:07:05.992,2023-04-05T13:30:20.877Z
144,Split #144,00:00:03.285,00:07:09.277,2023-04-05T13:30:24.162Z
145,Split #145,00:00:02.542,00:07:11.819,2023-04-05T13:30:26.704Z
146,Split #146,00:00:02.478,00:07:14.297,2023-04-05T13:30:29.182Z
147,Split #147,00:00:04.050,00:07:18.347,2023-04-05T13:30:33.232Z
148,Split #148,00:00:02.632,00:07:20.979,2023-04-05T13:30:35.864Z
149,Split #149,00:00:02.742,00:07:23.721,2023-04-05T13:30:38.606Z
150,Split #150,00:00:02.835,00:07:26.556,2023-04-05T13:30:41.441Z
151,Split #151,00:00:02.948,00:07:29.504,2023-04-05T13:30:44.389Z
152,Split #152,00:00:02.520,00:07:32.024,2023-04-05T13:30:46.909Z
153,Split #153,00:00:02.295,00:07:34.319,2023-04-05T13:30:49.204Z
154,Split #154,00:00:02.655,00:07:36.974,2023-04-05T13:30:51.859Z
155,Split #155,00:00:02.452,00:07:39.426,2023-04-05T13:30:54.311Z
156,Split #156,00:00:02.138,00:07:41.564,2023-04-05T13:30:56.449Z
157,Split #157,00:00:02.115,00:07:43.679,2023-04-05T13:30:58.564Z
158,Split #158,00:00:02.207,00:07:45.886,2023-04-05T13:31:00.771Z
159,Split #159,00:00:02.337,00:07:48.223,2023-04-05T13:31:03.108Z
160,Split #160,00:00:02.566,00:07:50.789,2023-04-05T13:31:05.674Z
161,Split #161,00:00:02.587,00:07:53.376,2023-04-05T13:31:08.261Z
162,Split #162,00:00:02.510,00:07:55.886,2023-04-05T13:31:10.771Z
163,Split #163,00:00:02.184,00:07:58.070,2023-04-05T13:31:12.955Z
164,Split #164,00:00:02.259,00:08:00.329,2023-04-05T13:31:15.214Z
165,Split #165,00:00:02.283,00:08:02.612,2023-04-05T13:31:17.497Z
166,Split #166,00:00:02.250,00:08:04.862,2023-04-05T13:31:19.747Z
167,Split #167,00:00:02.419,00:08:07.281,2023-04-05T13:31:22.166Z
168,Split #168,00:00:02.588,00:08:09.869,2023-04-05T13:31:24.754Z
169,Split #169,00:00:02.442,00:08:12.311,2023-04-05T13:31:27.196Z
170,Split #170,00:00:02.317,00:08:14.628,2023-04-05T13:31:29.513Z
171,Split #171,00:00:02.601,00:08:17.229,2023-04-05T13:31:32.114Z
172,Split #172,00:00:02.766,00:08:19.995,2023-04-05T13:31:34.880Z
173,Split #173,00:00:02.407,00:08:22.402,2023-04-05T13:31:37.287Z
174,Split #174,00:00:02.834,00:08:25.236,2023-04-05T13:31:40.121Z
175,Split #175,00:00:03.150,00:08:28.386,2023-04-05T13:31:43.271Z
176,Split #176,00:00:02.858,00:08:31.244,2023-04-05T13:31:46.129Z
177,Split #177,00:00:02.048,00:08:33.292,2023-04-05T13:31:48.177Z
178,Split #178,00:00:02.227,00:08:35.519,2023-04-05T13:31:50.404Z
179,Split #179,00:00:02.723,00:08:38.242,2023-04-05T13:31:53.127Z
180,Split #180,00:00:02.497,00:08:40.739,2023-04-05T13:31:55.624Z
181,Split #181,00:00:02.373,00:08:43.112,2023-04-05T13:31:57.997Z
182,Split #182,00:00:02.634,00:08:45.746,2023-04-05T13:32:00.631Z
183,Split #183,00:00:03.317,00:08:49.063,2023-04-05T13:32:03.948Z
184,Split #184,00:00:02.836,00:08:51.899,2023-04-05T13:32:06.784Z
185,Split #185,00:00:02.564,00:08:54.463,2023-04-05T13:32:09.348Z
186,Split #186,00:00:02.655,00:08:57.118,2023-04-05T13:32:12.003Z
187,Split #187,00:00:02.453,00:08:59.571,2023-04-05T13:32:14.456Z
188,Split #188,00:00:02.677,00:09:02.248,2023-04-05T13:32:17.133Z
189,Split #189,00:00:02.656,00:09:04.904,2023-04-05T13:32:19.789Z
190,Split #190,00:00:02.744,00:09:07.648,2023-04-05T13:32:22.533Z
191,Split #191,00:00:02.232,00:09:09.880,2023-04-05T13:32:24.765Z
192,Split #192,00:00:02.630,00:09:12.510,2023-04-05T13:32:27.395Z
193,Split #193,00:00:02.767,00:09:15.277,2023-04-05T13:32:30.162Z
194,Split #194,00:00:02.904,00:09:18.181,2023-04-05T13:32:33.066Z
195,Split #195,00:00:03.620,00:09:21.801,2023-04-05T13:32:36.686Z
196,Split #196,00:00:02.925,00:09:24.726,2023-04-05T13:32:39.611Z
197,Split #197,00:00:02.925,00:09:27.651,2023-04-05T13:32:42.536Z
198,Split #198,00:00:03.308,00:09:30.959,2023-04-05T13:32:45.844Z
199,Split #199,00:00:04.229,00:09:35.188,2023-04-05T13:32:50.073Z
200,Split #200,00:00:03.083,00:09:38.271,2023-04-05T13:32:53.156Z
201,Split #201,00:00:02.700,00:09:40.971,2023-04-05T13:32:55.856Z
202,Split #202,00:00:02.499,00:09:43.470,2023-04-05T13:32:58.355Z
203,Split #203,00:00:02.924,00:09:46.394,2023-04-05T13:33:01.279Z
204,Split #204,00:00:03.082,00:09:49.476,2023-04-05T13:33:04.361Z
205,Split #205,00:00:02.846,00:09:52.322,2023-04-05T13:33:07.207Z
206,Split #206,00:00:03.198,00:09:55.520,2023-04-05T13:33:10.405Z
207,Split #207,00:00:06.434,00:10:01.954,2023-04-05T13:33:16.839Z
208,Split #208,00:00:04.993,00:10:06.947,2023-04-05T13:33:21.832Z
209,Split #209,00:00:03.285,00:10:10.232,2023-04-05T13:33:25.117Z
210,Split #210,00:00:03.624,00:10:13.856,2023-04-05T13:33:28.741Z
211,Split #211,00:00:03.891,00:10:17.747,2023-04-05T13:33:32.632Z
212,Split #212,00:00:03.376,00:10:21.123,2023-04-05T13:33:36.008Z
213,Split #213,00:00:03.759,00:10:24.882,2023-04-05T13:33:39.767Z
214,Split #214,00:00:03.327,00:10:28.209,2023-04-05T13:33:43.094Z
215,Split #215,00:00:03.443,00:10:31.652,2023-04-05T13:33:46.537Z
216,Split #216,00:00:03.331,00:10:34.983,2023-04-05T13:33:49.868Z
217,Split #217,00:00:02.925,00:10:37.908,2023-04-05T13:33:52.793Z
218,Split #218,00:00:03.036,00:10:40.944,2023-04-05T13:33:55.829Z
219,Split #219,00:00:02.498,00:10:43.442,2023-04-05T13:33:58.327Z
220,Split #220,00:00:02.948,00:10:46.390,2023-04-05T13:34:01.275Z
221,Split #221,00:00:02.542,00:10:48.932,2023-04-05T13:34:03.817Z
222,Split #222,00:00:02.531,00:10:51.463,2023-04-05T13:34:06.348Z
223,Split #223,00:00:02.678,00:10:54.141,2023-04-05T13:34:09.026Z
224,Split #224,00:00:02.453,00:10:56.594,2023-04-05T13:34:11.479Z
225,Split #225,00:00:02.541,00:10:59.135,2023-04-05T13:34:14.020Z
226,Split #226,00:00:02.633,00:11:01.768,2023-04-05T13:34:16.653Z
227,Split #227,00:00:02.700,00:11:04.468,2023-04-05T13:34:19.353Z
228,Split #228,00:00:03.803,00:11:08.271,2023-04-05T13:34:23.156Z
229,Split #229,00:00:03.060,00:11:11.331,2023-04-05T13:34:26.216Z
230,Split #230,00:00:02.756,00:11:14.087,2023-04-05T13:34:28.972Z
231,Split #231,00:00:02.835,00:11:16.922,2023-04-05T13:34:31.807Z
232,Split #232,00:00:03.218,00:11:20.140,2023-04-05T13:34:35.025Z
233,Split #233,00:00:02.767,00:11:22.907,2023-04-05T13:34:37.792Z
234,Split #234,00:00:02.835,00:11:25.742,2023-04-05T13:34:40.627Z
235,Split #235,00:00:03.624,00:11:29.366,2023-04-05T13:34:44.251Z
236,Split #236,00:00:02.788,00:11:32.154,2023-04-05T13:34:47.039Z
237,Split #237,00:00:02.655,00:11:34.809,2023-04-05T13:34:49.694Z
238,Split #238,00:00:02.554,00:11:37.363,2023-04-05T13:34:52.248Z
239,Split #239,00:00:03.623,00:11:40.986,2023-04-05T13:34:55.871Z
240,Split #240,00:00:02.364,00:11:43.350,2023-04-05T13:34:58.235Z
241,Split #241,00:00:03.395,00:11:46.745,2023-04-05T13:35:01.630Z
242,Split #242,00:00:02.940,00:11:49.685,2023-04-05T13:35:04.570Z
243,Split #243,00:00:03.023,00:11:52.708,2023-04-05T13:35:07.593Z
244,Split #244,00:00:02.881,00:11:55.589,2023-04-05T13:35:10.474Z
245,Split #245,00:00:03.982,00:11:59.571,2023-04-05T13:35:14.456Z
246,Split #246,00:00:03.205,00:12:02.776,2023-04-05T13:35:17.661Z
247,Split #247,00:00:03.736,00:12:06.512,2023-04-05T13:35:21.397Z
248,Split #248,00:00:03.397,00:12:09.909,2023-04-05T13:35:24.794Z
249,Split #249,00:00:02.970,00:12:12.879,2023-04-05T13:35:27.764Z
250,Split #250,00:00:03.645,00:12:16.524,2023-04-05T13:35:31.409Z
251,Split #251,00:00:04.185,00:12:20.709,2023-04-05T13:35:35.594Z
252,Split #252,00:00:03.352,00:12:24.061,2023-04-05T13:35:38.946Z
253,Split #253,00:00:04.255,00:12:28.316,2023-04-05T13:35:43.201Z
254,Split #254,00:00:04.948,00:12:33.264,2023-04-05T13:35:48.149Z
255,Split #255,00:00:05.558,00:12:38.822,2023-04-05T13:35:53.707Z
256,Split #256,00:00:14.491,00:12:53.313,2023-04-05T13:36:08.198Z
257,Pause #1,---,---,2023-04-05T13:36:08.198Z