#,Label,Interval,Total,Time Recorded
000,Start #1,---,---,2023-03-22T22:48:58.439Z
001,Split #1,00:00:12.722,00:00:12.722,2023-03-22T22:49:11.161Z
002,Split #2,00:00:02.701,00:00:15.423,2023-03-22T22:49:13.862Z
003,Split #3,00:00:03.127,00:00:18.550,2023-03-22T22:49:16.989Z
004,Split #4,00:00:03.060,00:00:21.610,2023-03-22T22:49:20.049Z
005,Split #5,00:00:02.974,00:00:24.584,2023-03-22T22:49:23.023Z
006,Split #6,00:00:03.013,00:00:27.597,2023-03-22T22:49:26.036Z
007,Split #7,00:00:02.970,00:00:30.567,2023-03-22T22:49:29.006Z
008,Split #8,00:00:03.082,00:00:33.649,2023-03-22T22:49:32.088Z
009,Split #9,00:00:03.398,00:00:37.047,2023-03-22T22:49:35.486Z
010,Split #10,00:00:03.217,00:00:40.264,2023-03-22T22:49:38.703Z
011,Split #11,00:00:03.261,00:00:43.525,2023-03-22T22:49:41.964Z
012,Split #12,00:00:03.298,00:00:46.823,2023-03-22T22:49:45.262Z
013,Split #13,00:00:03.185,00:00:50.008,2023-03-22T22:49:48.447Z
014,Split #14,00:00:03.284,00:00:53.292,2023-03-22T22:49:51.731Z
015,Split #15,00:00:03.171,00:00:56.463,2023-03-22T22:49:54.902Z
016,Split #16,00:00:03.419,00:00:59.882,2023-03-22T22:49:58.321Z
017,Split #17,00:00:03.647,00:01:03.529,2023-03-22T22:50:01.968Z
018,Split #18,00:00:03.398,00:01:06.927,2023-03-22T22:50:05.366Z
019,Split #19,00:00:03.037,00:01:09.964,2023-03-22T22:50:08.403Z
020,Split #20,00:00:03.307,00:01:13.271,2023-03-22T22:50:11.710Z
021,Split #21,00:00:02.971,00:01:16.242,2023-03-22T22:50:14.681Z
022,Split #22,00:00:03.330,00:01:19.572,2023-03-22T22:50:18.011Z
023,Split #23,00:00:03.014,00:01:22.586,2023-03-22T22:50:21.025Z
024,Split #24,00:00:03.308,00:01:25.894,2023-03-22T22:50:24.333Z
025,Split #25,00:00:03.916,00:01:29.810,2023-03-22T22:50:28.249Z
026,Split #26,00:00:03.418,00:01:33.228,2023-03-22T22:50:31.667Z
027,Split #27,00:00:02.927,00:01:36.155,2023-03-22T22:50:34.594Z
028,Split #28,00:00:02.857,00:01:39.012,2023-03-22T22:50:37.451Z
029,Split #29,00:00:02.745,00:01:41.757,2023-03-22T22:50:40.196Z
030,Split #30,00:00:02.091,00:01:43.848,2023-03-22T22:50:42.287Z
031,Split #31,00:00:00.823,00:01:44.671,2023-03-22T22:50:43.110Z
032,Split #32,00:00:02.811,00:01:47.482,2023-03-22T22:50:45.921Z
033,Split #33,00:00:02.836,00:01:50.318,2023-03-22T22:50:48.757Z
034,Split #34,00:00:02.812,00:01:53.130,2023-03-22T22:50:51.569Z
035,Split #35,00:00:03.038,00:01:56.168,2023-03-22T22:50:54.607Z
036,Split #36,00:00:02.756,00:01:58.924,2023-03-22T22:50:57.363Z
037,Split #37,00:00:02.746,00:02:01.670,2023-03-22T22:51:00.109Z
038,Split #38,00:00:02.745,00:02:04.415,2023-03-22T22:51:02.854Z
039,Split #39,00:00:02.949,00:02:07.364,2023-03-22T22:51:05.803Z
040,Split #40,00:00:02.585,00:02:09.949,2023-03-22T22:51:08.388Z
041,Split #41,00:00:02.655,00:02:12.604,2023-03-22T22:51:11.043Z
042,Split #42,00:00:02.521,00:02:15.125,2023-03-22T22:51:13.564Z
043,Split #43,00:00:02.902,00:02:18.027,2023-03-22T22:51:16.466Z
044,Split #44,00:00:02.858,00:02:20.885,2023-03-22T22:51:19.324Z
045,Split #45,00:00:03.016,00:02:23.901,2023-03-22T22:51:22.340Z
046,Split #46,00:00:02.744,00:02:26.645,2023-03-22T22:51:25.084Z
047,Split #47,00:00:03.037,00:02:29.682,2023-03-22T22:51:28.121Z
048,Split #48,00:00:02.790,00:02:32.472,2023-03-22T22:51:30.911Z
049,Split #49,00:00:03.588,00:02:36.060,2023-03-22T22:51:34.499Z
050,Split #50,00:00:03.166,00:02:39.226,2023-03-22T22:51:37.665Z
051,Split #51,00:00:04.159,00:02:43.385,2023-03-22T22:51:41.824Z
052,Split #52,00:00:03.261,00:02:46.646,2023-03-22T22:51:45.085Z
053,Split #53,00:00:03.038,00:02:49.684,2023-03-22T22:51:48.123Z
054,Split #54,00:00:03.196,00:02:52.880,2023-03-22T22:51:51.319Z
055,Split #55,00:00:03.217,00:02:56.097,2023-03-22T22:51:54.536Z
056,Split #56,00:00:03.196,00:02:59.293,2023-03-22T22:51:57.732Z
057,Split #57,00:00:02.890,00:03:02.183,2023-03-22T22:52:00.622Z
058,Split #58,00:00:02.835,00:03:05.018,2023-03-22T22:52:03.457Z
059,Split #59,00:00:02.544,00:03:07.562,2023-03-22T22:52:06.001Z
060,Split #60,00:00:02.541,00:03:10.103,2023-03-22T22:52:08.542Z
061,Split #61,00:00:02.432,00:03:12.535,2023-03-22T22:52:10.974Z
062,Split #62,00:00:02.451,00:03:14.986,2023-03-22T22:52:13.425Z
063,Split #63,00:00:02.634,00:03:17.620,2023-03-22T22:52:16.059Z
064,Split #64,00:00:02.542,00:03:20.162,2023-03-22T22:52:18.601Z
065,Split #65,00:00:02.498,00:03:22.660,2023-03-22T22:52:21.099Z
066,Split #66,00:00:02.544,00:03:25.204,2023-03-22T22:52:23.643Z
067,Split #67,00:00:02.734,00:03:27.938,2023-03-22T22:52:26.377Z
068,Split #68,00:00:02.742,00:03:30.680,2023-03-22T22:52:29.119Z
069,Split #69,00:00:02.701,00:03:33.381,2023-03-22T22:52:31.820Z
070,Split #70,00:00:02.677,00:03:36.058,2023-03-22T22:52:34.497Z
071,Split #71,00:00:02.779,00:03:38.837,2023-03-22T22:52:37.276Z
072,Split #72,00:00:02.823,00:03:41.660,2023-03-22T22:52:40.099Z
073,Split #73,00:00:02.917,00:03:44.577,2023-03-22T22:52:43.016Z
074,Split #74,00:00:02.878,00:03:47.455,2023-03-22T22:52:45.894Z
075,Split #75,00:00:02.902,00:03:50.357,2023-03-22T22:52:48.796Z
076,Split #76,00:00:03.038,00:03:53.395,2023-03-22T22:52:51.834Z
077,Split #77,00:00:02.902,00:03:56.297,2023-03-22T22:52:54.736Z
078,Split #78,00:00:03.601,00:03:59.898,2023-03-22T22:52:58.337Z
079,Split #79,00:00:03.272,00:04:03.170,2023-03-22T22:53:01.609Z
080,Split #80,00:00:02.926,00:04:06.096,2023-03-22T22:53:04.535Z
081,Split #81,00:00:02.836,00:04:08.932,2023-03-22T22:53:07.371Z
082,Split #82,00:00:03.262,00:04:12.194,2023-03-22T22:53:10.633Z
083,Split #83,00:00:03.465,00:04:15.659,2023-03-22T22:53:14.098Z
084,Split #84,00:00:02.923,00:04:18.582,2023-03-22T22:53:17.021Z
085,Split #85,00:00:02.973,00:04:21.555,2023-03-22T22:53:19.994Z
086,Split #86,00:00:03.466,00:04:25.021,2023-03-22T22:53:23.460Z
087,Split #87,00:00:03.643,00:04:28.664,2023-03-22T22:53:27.103Z
088,Split #88,00:00:03.105,00:04:31.769,2023-03-22T22:53:30.208Z
089,Split #89,00:00:03.261,00:04:35.030,2023-03-22T22:53:33.469Z
090,Split #90,00:00:02.880,00:04:37.910,2023-03-22T22:53:36.349Z
091,Split #91,00:00:03.579,00:04:41.489,2023-03-22T22:53:39.928Z
092,Split #92,00:00:03.059,00:04:44.548,2023-03-22T22:53:42.987Z
093,Split #93,00:00:03.129,00:04:47.677,2023-03-22T22:53:46.116Z
094,Split #94,00:00:03.127,00:04:50.804,2023-03-22T22:53:49.243Z
095,Split #95,00:00:03.105,00:04:53.909,2023-03-22T22:53:52.348Z
096,Split #96,00:00:03.006,00:04:56.915,2023-03-22T22:53:55.354Z
097,Split #97,00:00:03.001,00:04:59.916,2023-03-22T22:53:58.355Z
098,Split #98,00:00:02.983,00:05:02.899,2023-03-22T22:54:01.338Z
099,Split #99,00:00:03.152,00:05:06.051,2023-03-22T22:54:04.490Z
100,Split #100,00:00:02.922,00:05:08.973,2023-03-22T22:54:07.412Z
101,Split #101,00:00:02.961,00:05:11.934,2023-03-22T22:54:10.373Z
102,Split #102,00:00:03.080,00:05:15.014,2023-03-22T22:54:13.453Z
103,Split #103,00:00:03.174,00:05:18.188,2023-03-22T22:54:16.627Z
104,Split #104,00:00:02.992,00:05:21.180,2023-03-22T22:54:19.619Z
105,Split #105,00:00:02.878,00:05:24.058,2023-03-22T22:54:22.497Z
106,Split #106,00:00:03.062,00:05:27.120,2023-03-22T22:54:25.559Z
107,Split #107,00:00:03.273,00:05:30.393,2023-03-22T22:54:28.832Z
108,Split #108,00:00:03.265,00:05:33.658,2023-03-22T22:54:32.097Z
109,Split #109,00:00:02.968,00:05:36.626,2023-03-22T22:54:35.065Z
110,Split #110,00:00:02.993,00:05:39.619,2023-03-22T22:54:38.058Z
111,Split #111,00:00:03.172,00:05:42.791,2023-03-22T22:54:41.230Z
112,Split #112,00:00:02.905,00:05:45.696,2023-03-22T22:54:44.135Z
113,Split #113,00:00:02.719,00:05:48.415,2023-03-22T22:54:46.854Z
114,Split #114,00:00:02.926,00:05:51.341,2023-03-22T22:54:49.780Z
115,Split #115,00:00:03.262,00:05:54.603,2023-03-22T22:54:53.042Z
116,Split #116,00:00:02.859,00:05:57.462,2023-03-22T22:54:55.901Z
117,Split #117,00:00:02.812,00:06:00.274,2023-03-22T22:54:58.713Z
118,Split #118,00:00:02.813,00:06:03.087,2023-03-22T22:55:01.526Z
119,Split #119,00:00:02.969,00:06:06.056,2023-03-22T22:55:04.495Z
120,Split #120,00:00:02.926,00:06:08.982,2023-03-22T22:55:07.421Z
121,Split #121,00:00:02.857,00:06:11.839,2023-03-22T22:55:10.278Z
122,Split #122,00:00:03.019,00:06:14.858,2023-03-22T22:55:13.297Z
123,Split #123,00:00:04.721,00:06:19.579,2023-03-22T22:55:18.018Z
124,Split #124,00:00:03.331,00:06:22.910,2023-03-22T22:55:21.349Z
125,Split #125,00:00:03.374,00:06:26.284,2023-03-22T22:55:24.723Z
126,Split #126,00:00:03.387,00:06:29.671,2023-03-22T22:55:28.110Z
127,Split #127,00:00:02.386,00:06:32.057,2023-03-22T22:55:30.496Z
128,Split #128,00:00:01.350,00:06:33.407,2023-03-22T22:55:31.846Z
129,Split #129,00:00:02.542,00:06:35.949,2023-03-22T22:55:34.388Z
130,Split #130,00:00:01.952,00:06:37.901,2023-03-22T22:55:36.340Z
131,Split #131,00:00:02.721,00:06:40.622,2023-03-22T22:55:39.061Z
132,Split #132,00:00:02.961,00:06:43.583,2023-03-22T22:55:42.022Z
133,Split #133,00:00:02.881,00:06:46.464,2023-03-22T22:55:44.903Z
134,Split #134,00:00:02.880,00:06:49.344,2023-03-22T22:55:47.783Z
135,Split #135,00:00:05.920,00:06:55.264,2023-03-22T22:55:53.703Z
136,Split #136,00:00:09.059,00:07:04.323,2023-03-22T22:56:02.762Z
137,Split #137,00:00:03.601,00:07:07.924,2023-03-22T22:56:06.363Z
138,Split #138,00:00:03.780,00:07:11.704,2023-03-22T22:56:10.143Z
139,Split #139,00:00:03.183,00:07:14.887,2023-03-22T22:56:13.326Z
140,Split #140,00:00:03.196,00:07:18.083,2023-03-22T22:56:16.522Z
141,Split #141,00:00:02.857,00:07:20.940,2023-03-22T22:56:19.379Z
142,Split #142,00:00:03.038,00:07:23.978,2023-03-22T22:56:22.417Z
143,Split #143,00:00:03.465,00:07:27.443,2023-03-22T22:56:25.882Z
144,Split #144,00:00:03.375,00:07:30.818,2023-03-22T22:56:29.257Z
145,Split #145,00:00:02.905,00:07:33.723,2023-03-22T22:56:32.162Z
146,Split #146,00:00:03.081,00:07:36.804,2023-03-22T22:56:35.243Z
147,Split #147,00:00:02.992,00:07:39.796,2023-03-22T22:56:38.235Z
148,Split #148,00:00:03.239,00:07:43.035,2023-03-22T22:56:41.474Z
149,Split #149,00:00:02.679,00:07:45.714,2023-03-22T22:56:44.153Z
150,Split #150,00:00:02.721,00:07:48.435,2023-03-22T22:56:46.874Z
151,Split #151,00:00:03.107,00:07:51.542,2023-03-22T22:56:49.981Z
152,Split #152,00:00:03.127,00:07:54.669,2023-03-22T22:56:53.108Z
153,Split #153,00:00:03.352,00:07:58.021,2023-03-22T22:56:56.460Z
154,Split #154,00:00:03.265,00:08:01.286,2023-03-22T22:56:59.725Z
155,Split #155,00:00:03.463,00:08:04.749,2023-03-22T22:57:03.188Z
156,Split #156,00:00:03.151,00:08:07.900,2023-03-22T22:57:06.339Z
157,Split #157,00:00:02.878,00:08:10.778,2023-03-22T22:57:09.217Z
158,Split #158,00:00:02.712,00:08:13.490,2023-03-22T22:57:11.929Z
159,Split #159,00:00:02.748,00:08:16.238,2023-03-22T22:57:14.677Z
160,Split #160,00:00:02.855,00:08:19.093,2023-03-22T22:57:17.532Z
161,Split #161,00:00:02.858,00:08:21.951,2023-03-22T22:57:20.390Z
162,Split #162,00:00:02.925,00:08:24.876,2023-03-22T22:57:23.315Z
163,Split #163,00:00:02.745,00:08:27.621,2023-03-22T22:57:26.060Z
164,Split #164,00:00:03.330,00:08:30.951,2023-03-22T22:57:29.390Z
165,Split #165,00:00:03.129,00:08:34.080,2023-03-22T22:57:32.519Z
166,Split #166,00:00:02.968,00:08:37.048,2023-03-22T22:57:35.487Z
167,Split #167,00:00:02.882,00:08:39.930,2023-03-22T22:57:38.369Z
168,Split #168,00:00:02.946,00:08:42.876,2023-03-22T22:57:41.315Z
169,Split #169,00:00:03.015,00:08:45.891,2023-03-22T22:57:44.330Z
170,Split #170,00:00:02.993,00:08:48.884,2023-03-22T22:57:47.323Z
171,Split #171,00:00:03.333,00:08:52.217,2023-03-22T22:57:50.656Z
172,Split #172,00:00:03.102,00:08:55.319,2023-03-22T22:57:53.758Z
173,Split #173,00:00:03.017,00:08:58.336,2023-03-22T22:57:56.775Z
174,Split #174,00:00:03.035,00:09:01.371,2023-03-22T22:57:59.810Z
175,Split #175,00:00:02.969,00:09:04.340,2023-03-22T22:58:02.779Z
176,Split #176,00:00:02.971,00:09:07.311,2023-03-22T22:58:05.750Z
177,Split #177,00:00:02.801,00:09:10.112,2023-03-22T22:58:08.551Z
178,Split #178,00:00:03.243,00:09:13.355,2023-03-22T22:58:11.794Z
179,Split #179,00:00:02.989,00:09:16.344,2023-03-22T22:58:14.783Z
180,Split #180,00:00:03.736,00:09:20.080,2023-03-22T22:58:18.519Z
181,Split #181,00:00:02.970,00:09:23.050,2023-03-22T22:58:21.489Z
182,Split #182,00:00:03.262,00:09:26.312,2023-03-22T22:58:24.751Z
183,Split #183,00:00:02.520,00:09:28.832,2023-03-22T22:58:27.271Z
184,Split #184,00:00:02.589,00:09:31.421,2023-03-22T22:58:29.860Z
185,Split #185,00:00:02.946,00:09:34.367,2023-03-22T22:58:32.806Z
186,Split #186,00:00:02.836,00:09:37.203,2023-03-22T22:58:35.642Z
187,Split #187,00:00:01.867,00:09:39.070,2023-03-22T22:58:37.509Z
188,Split #188,00:00:03.847,00:09:42.917,2023-03-22T22:58:41.356Z
189,Split #189,00:00:02.681,00:09:45.598,2023-03-22T22:58:44.037Z
190,Split #190,00:00:03.564,00:09:49.162,2023-03-22T22:58:47.601Z
191,Split #191,00:00:02.523,00:09:51.685,2023-03-22T22:58:50.124Z
192,Split #192,00:00:03.101,00:09:54.786,2023-03-22T22:58:53.225Z
193,Split #193,00:00:02.791,00:09:57.577,2023-03-22T22:58:56.016Z
194,Split #194,00:00:03.445,00:10:01.022,2023-03-22T22:58:59.461Z
195,Split #195,00:00:02.787,00:10:03.809,2023-03-22T22:59:02.248Z
196,Split #196,00:00:03.116,00:10:06.925,2023-03-22T22:59:05.364Z
197,Split #197,00:00:02.984,00:10:09.909,2023-03-22T22:59:08.348Z
198,Split #198,00:00:02.879,00:10:12.788,2023-03-22T22:59:11.227Z
199,Split #199,00:00:02.541,00:10:15.329,2023-03-22T22:59:13.768Z
200,Split #200,00:00:03.198,00:10:18.527,2023-03-22T22:59:16.966Z
201,Split #201,00:00:03.057,00:10:21.584,2023-03-22T22:59:20.023Z
202,Split #202,00:00:03.150,00:10:24.734,2023-03-22T22:59:23.173Z
203,Split #203,00:00:03.150,00:10:27.884,2023-03-22T22:59:26.323Z
204,Split #204,00:00:04.208,00:10:32.092,2023-03-22T22:59:30.531Z
205,Split #205,00:00:02.703,00:10:34.795,2023-03-22T22:59:33.234Z
206,Split #206,00:00:02.720,00:10:37.515,2023-03-22T22:59:35.954Z
207,Split #207,00:00:02.702,00:10:40.217,2023-03-22T22:59:38.656Z
208,Split #208,00:00:03.193,00:10:43.410,2023-03-22T22:59:41.849Z
209,Split #209,00:00:03.127,00:10:46.537,2023-03-22T22:59:44.976Z
210,Split #210,00:00:03.266,00:10:49.803,2023-03-22T22:59:48.242Z
211,Split #211,00:00:01.212,00:10:51.015,2023-03-22T22:59:49.454Z
212,Split #212,00:00:05.410,00:10:56.425,2023-03-22T22:59:54.864Z
213,Split #213,00:00:06.550,00:11:02.975,2023-03-22T23:00:01.414Z
214,Split #214,00:00:04.117,00:11:07.092,2023-03-22T23:00:05.531Z
215,Split #215,00:00:04.185,00:11:11.277,2023-03-22T23:00:09.716Z
216,Split #216,00:00:04.478,00:11:15.755,2023-03-22T23:00:14.194Z
217,Split #217,00:00:04.184,00:11:19.939,2023-03-22T23:00:18.378Z
218,Split #218,00:00:04.230,00:11:24.169,2023-03-22T23:00:22.608Z
219,Split #219,00:00:03.972,00:11:28.141,2023-03-22T23:00:26.580Z
220,Split #220,00:00:04.321,00:11:32.462,2023-03-22T23:00:30.901Z
221,Split #221,00:00:03.601,00:11:36.063,2023-03-22T23:00:34.502Z
222,Split #222,00:00:03.283,00:11:39.346,2023-03-22T23:00:37.785Z
223,Split #223,00:00:03.059,00:11:42.405,2023-03-22T23:00:40.844Z
224,Split #224,00:00:02.902,00:11:45.307,2023-03-22T23:00:43.746Z
225,Split #225,00:00:03.129,00:11:48.436,2023-03-22T23:00:46.875Z
226,Split #226,00:00:02.745,00:11:51.181,2023-03-22T23:00:49.620Z
227,Split #227,00:00:02.676,00:11:53.857,2023-03-22T23:00:52.296Z
228,Split #228,00:00:02.850,00:11:56.707,2023-03-22T23:00:55.146Z
229,Split #229,00:00:02.834,00:11:59.541,2023-03-22T23:00:57.980Z
230,Split #230,00:00:02.889,00:12:02.430,2023-03-22T23:01:00.869Z
231,Split #231,00:00:02.861,00:12:05.291,2023-03-22T23:01:03.730Z
232,Split #232,00:00:02.854,00:12:08.145,2023-03-22T23:01:06.584Z
233,Split #233,00:00:03.533,00:12:11.678,2023-03-22T23:01:10.117Z
234,Split #234,00:00:03.197,00:12:14.875,2023-03-22T23:01:13.314Z
235,Split #235,00:00:03.081,00:12:17.956,2023-03-22T23:01:16.395Z
236,Split #236,00:00:03.041,00:12:20.997,2023-03-22T23:01:19.436Z
237,Split #237,00:00:03.438,00:12:24.435,2023-03-22T23:01:22.874Z
238,Split #238,00:00:02.814,00:12:27.249,2023-03-22T23:01:25.688Z
239,Split #239,00:00:02.789,00:12:30.038,2023-03-22T23:01:28.477Z
240,Split #240,00:00:02.521,00:12:32.559,2023-03-22T23:01:30.998Z
241,Split #241,00:00:02.543,00:12:35.102,2023-03-22T23:01:33.541Z
242,Split #242,00:00:02.384,00:12:37.486,2023-03-22T23:01:35.925Z
243,Split #243,00:00:02.183,00:12:39.669,2023-03-22T23:01:38.108Z
244,Split #244,00:00:02.160,00:12:41.829,2023-03-22T23:01:40.268Z
245,Split #245,00:00:02.609,00:12:44.438,2023-03-22T23:01:42.877Z
246,Split #246,00:00:02.385,00:12:46.823,2023-03-22T23:01:45.262Z
247,Split #247,00:00:02.273,00:12:49.096,2023-03-22T23:01:47.535Z
248,Split #248,00:00:02.272,00:12:51.368,2023-03-22T23:01:49.807Z
249,Split #249,00:00:02.704,00:12:54.072,2023-03-22T23:01:52.511Z
250,Split #250,00:00:02.654,00:12:56.726,2023-03-22T23:01:55.165Z
251,Split #251,00:00:02.633,00:12:59.359,2023-03-22T23:01:57.798Z
252,Split #252,00:00:02.810,00:13:02.169,2023-03-22T23:02:00.608Z
253,Split #253,00:00:04.230,00:13:06.399,2023-03-22T23:02:04.838Z
254,Split #254,00:00:02.947,00:13:09.346,2023-03-22T23:02:07.785Z
255,Split #255,00:00:02.902,00:13:12.248,2023-03-22T23:02:10.687Z
256,Split #256,00:00:02.835,00:13:15.083,2023-03-22T23:02:13.522Z
257,Split #257,00:00:03.173,00:13:18.256,2023-03-22T23:02:16.695Z
258,Split #258,00:00:03.398,00:13:21.654,2023-03-22T23:02:20.093Z
259,Split #259,00:00:04.185,00:13:25.839,2023-03-22T23:02:24.278Z
260,Split #260,00:00:05.964,00:13:31.803,2023-03-22T23:02:30.242Z