#,Label,Interval,Total,Time Recorded
000,Start #1,---,---,2023-04-08T05:26:01.302Z
001,Split #1,00:00:32.963,00:00:32.963,2023-04-08T05:26:34.265Z
002,Split #2,00:00:04.364,00:00:37.327,2023-04-08T05:26:38.629Z
003,Split #3,00:00:03.958,00:00:41.285,2023-04-08T05:26:42.587Z
004,Split #4,00:00:04.352,00:00:45.637,2023-04-08T05:26:46.939Z
005,Split #5,00:00:05.601,00:00:51.238,2023-04-08T05:26:52.540Z
006,Split #6,00:00:05.276,00:00:56.514,2023-04-08T05:26:57.816Z
007,Split #7,00:00:04.206,00:01:00.720,2023-04-08T05:27:02.022Z
008,Split #8,00:00:04.038,00:01:04.758,2023-04-08T05:27:06.060Z
009,Split #9,00:00:05.197,00:01:09.955,2023-04-08T05:27:11.257Z
010,Split #10,00:00:04.072,00:01:14.027,2023-04-08T05:27:15.329Z
011,Split #11,00:00:03.668,00:01:17.695,2023-04-08T05:27:18.997Z
012,Split #12,00:00:03.982,00:01:21.677,2023-04-08T05:27:22.979Z
013,Split #13,00:00:04.028,00:01:25.705,2023-04-08T05:27:27.007Z
014,Split #14,00:00:04.691,00:01:30.396,2023-04-08T05:27:31.698Z
015,Split #15,00:00:04.342,00:01:34.738,2023-04-08T05:27:36.040Z
016,Split #16,00:00:04.793,00:01:39.531,2023-04-08T05:27:40.833Z
017,Split #17,00:00:05.513,00:01:45.044,2023-04-08T05:27:46.346Z
018,Split #18,00:00:03.396,00:01:48.440,2023-04-08T05:27:49.742Z
019,Split #19,00:00:03.151,00:01:51.591,2023-04-08T05:27:52.893Z
020,Split #20,00:00:03.150,00:01:54.741,2023-04-08T05:27:56.043Z
021,Split #21,00:00:03.510,00:01:58.251,2023-04-08T05:27:59.553Z
022,Split #22,00:00:03.239,00:02:01.490,2023-04-08T05:28:02.792Z
023,Split #23,00:00:03.600,00:02:05.090,2023-04-08T05:28:06.392Z
024,Split #24,00:00:03.151,00:02:08.241,2023-04-08T05:28:09.543Z
025,Split #25,00:00:03.893,00:02:12.134,2023-04-08T05:28:13.436Z
026,Split #26,00:00:04.566,00:02:16.700,2023-04-08T05:28:18.002Z
027,Split #27,00:00:04.051,00:02:20.751,2023-04-08T05:28:22.053Z
028,Split #28,00:00:03.993,00:02:24.744,2023-04-08T05:28:26.046Z
029,Split #29,00:00:04.164,00:02:28.908,2023-04-08T05:28:30.210Z
030,Split #30,00:00:03.644,00:02:32.552,2023-04-08T05:28:33.854Z
031,Split #31,00:00:03.387,00:02:35.939,2023-04-08T05:28:37.241Z
032,Split #32,00:00:03.421,00:02:39.360,2023-04-08T05:28:40.662Z
033,Split #33,00:00:03.125,00:02:42.485,2023-04-08T05:28:43.787Z
034,Split #34,00:00:03.015,00:02:45.500,2023-04-08T05:28:46.802Z
035,Split #35,00:00:02.476,00:02:47.976,2023-04-08T05:28:49.278Z
036,Split #36,00:00:02.386,00:02:50.362,2023-04-08T05:28:51.664Z
037,Split #37,00:00:02.384,00:02:52.746,2023-04-08T05:28:54.048Z
038,Split #38,00:00:02.272,00:02:55.018,2023-04-08T05:28:56.320Z
039,Split #39,00:00:02.431,00:02:57.449,2023-04-08T05:28:58.751Z
040,Split #40,00:00:02.318,00:02:59.767,2023-04-08T05:29:01.069Z
041,Split #41,00:00:02.676,00:03:02.443,2023-04-08T05:29:03.745Z
042,Split #42,00:00:02.700,00:03:05.143,2023-04-08T05:29:06.445Z
043,Split #43,00:00:02.835,00:03:07.978,2023-04-08T05:29:09.280Z
044,Split #44,00:00:02.678,00:03:10.656,2023-04-08T05:29:11.958Z
045,Split #45,00:00:02.542,00:03:13.198,2023-04-08T05:29:14.500Z
046,Split #46,00:00:02.589,00:03:15.787,2023-04-08T05:29:17.089Z
047,Split #47,00:00:02.452,00:03:18.239,2023-04-08T05:29:19.541Z
048,Split #48,00:00:02.519,00:03:20.758,2023-04-08T05:29:22.060Z
049,Split #49,00:00:02.881,00:03:23.639,2023-04-08T05:29:24.941Z
050,Split #50,00:00:02.609,00:03:26.248,2023-04-08T05:29:27.550Z
051,Split #51,00:00:02.531,00:03:28.779,2023-04-08T05:29:30.081Z
052,Split #52,00:00:02.768,00:03:31.547,2023-04-08T05:29:32.849Z
053,Split #53,00:00:02.812,00:03:34.359,2023-04-08T05:29:35.661Z
054,Split #54,00:00:02.723,00:03:37.082,2023-04-08T05:29:38.384Z
055,Split #55,00:00:02.699,00:03:39.781,2023-04-08T05:29:41.083Z
056,Split #56,00:00:02.613,00:03:42.394,2023-04-08T05:29:43.696Z
057,Split #57,00:00:02.495,00:03:44.889,2023-04-08T05:29:46.191Z
058,Split #58,00:00:03.039,00:03:47.928,2023-04-08T05:29:49.230Z
059,Split #59,00:00:02.474,00:03:50.402,2023-04-08T05:29:51.704Z
060,Split #60,00:00:03.062,00:03:53.464,2023-04-08T05:29:54.766Z
061,Split #61,00:00:02.204,00:03:55.668,2023-04-08T05:29:56.970Z
062,Split #62,00:00:02.890,00:03:58.558,2023-04-08T05:29:59.860Z
063,Split #63,00:00:03.015,00:04:01.573,2023-04-08T05:30:02.875Z
064,Split #64,00:00:02.588,00:04:04.161,2023-04-08T05:30:05.463Z
065,Split #65,00:00:02.621,00:04:06.782,2023-04-08T05:30:08.084Z
066,Split #66,00:00:04.410,00:04:11.192,2023-04-08T05:30:12.494Z
067,Split #67,00:00:05.040,00:04:16.232,2023-04-08T05:30:17.534Z
068,Split #68,00:00:03.229,00:04:19.461,2023-04-08T05:30:20.763Z
069,Split #69,00:00:05.332,00:04:24.793,2023-04-08T05:30:26.095Z
070,Split #70,00:00:05.379,00:04:30.172,2023-04-08T05:30:31.474Z
071,Split #71,00:00:03.487,00:04:33.659,2023-04-08T05:30:34.961Z
072,Split #72,00:00:03.509,00:04:37.168,2023-04-08T05:30:38.470Z
073,Split #73,00:00:04.320,00:04:41.488,2023-04-08T05:30:42.790Z
074,Split #74,00:00:04.174,00:04:45.662,2023-04-08T05:30:46.964Z
075,Split #75,00:00:03.431,00:04:49.093,2023-04-08T05:30:50.395Z
076,Split #76,00:00:03.397,00:04:52.490,2023-04-08T05:30:53.792Z
077,Split #77,00:00:04.231,00:04:56.721,2023-04-08T05:30:58.023Z
078,Split #78,00:00:03.881,00:05:00.602,2023-04-08T05:31:01.904Z
079,Split #79,00:00:03.669,00:05:04.271,2023-04-08T05:31:05.573Z
080,Split #80,00:00:03.059,00:05:07.330,2023-04-08T05:31:08.632Z
081,Split #81,00:00:03.644,00:05:10.974,2023-04-08T05:31:12.276Z
082,Split #82,00:00:02.903,00:05:13.877,2023-04-08T05:31:15.179Z
083,Split #83,00:00:01.779,00:05:15.656,2023-04-08T05:31:16.958Z
084,Split #84,00:00:01.731,00:05:17.387,2023-04-08T05:31:18.689Z
085,Split #85,00:00:02.250,00:05:19.637,2023-04-08T05:31:20.939Z
086,Split #86,00:00:04.365,00:05:24.002,2023-04-08T05:31:25.304Z
087,Split #87,00:00:03.465,00:05:27.467,2023-04-08T05:31:28.769Z
088,Split #88,00:00:03.127,00:05:30.594,2023-04-08T05:31:31.896Z
089,Split #89,00:00:03.195,00:05:33.789,2023-04-08T05:31:35.091Z
090,Split #90,00:00:02.813,00:05:36.602,2023-04-08T05:31:37.904Z
091,Split #91,00:00:02.813,00:05:39.415,2023-04-08T05:31:40.717Z
092,Split #92,00:00:02.814,00:05:42.229,2023-04-08T05:31:43.531Z
093,Split #93,00:00:03.103,00:05:45.332,2023-04-08T05:31:46.634Z
094,Split #94,00:00:02.925,00:05:48.257,2023-04-08T05:31:49.559Z
095,Split #95,00:00:02.497,00:05:50.754,2023-04-08T05:31:52.056Z
096,Split #96,00:00:02.374,00:05:53.128,2023-04-08T05:31:54.430Z
097,Split #97,00:00:02.182,00:05:55.310,2023-04-08T05:31:56.612Z
098,Split #98,00:00:03.128,00:05:58.438,2023-04-08T05:31:59.740Z
099,Split #99,00:00:02.453,00:06:00.891,2023-04-08T05:32:02.193Z
100,Split #100,00:00:02.565,00:06:03.456,2023-04-08T05:32:04.758Z
101,Split #101,00:00:02.699,00:06:06.155,2023-04-08T05:32:07.457Z
102,Split #102,00:00:02.917,00:06:09.072,2023-04-08T05:32:10.374Z
103,Split #103,00:00:02.632,00:06:11.704,2023-04-08T05:32:13.006Z
104,Split #104,00:00:02.317,00:06:14.021,2023-04-08T05:32:15.323Z
105,Split #105,00:00:02.294,00:06:16.315,2023-04-08T05:32:17.617Z
106,Split #106,00:00:02.373,00:06:18.688,2023-04-08T05:32:19.990Z
107,Split #107,00:00:02.014,00:06:20.702,2023-04-08T05:32:22.004Z
108,Split #108,00:00:02.048,00:06:22.750,2023-04-08T05:32:24.052Z
109,Split #109,00:00:02.700,00:06:25.450,2023-04-08T05:32:26.752Z
110,Split #110,00:00:03.061,00:06:28.511,2023-04-08T05:32:29.813Z
111,Split #111,00:00:02.439,00:06:30.950,2023-04-08T05:32:32.252Z
112,Split #112,00:00:02.409,00:06:33.359,2023-04-08T05:32:34.661Z
113,Split #113,00:00:02.519,00:06:35.878,2023-04-08T05:32:37.180Z
114,Split #114,00:00:03.848,00:06:39.726,2023-04-08T05:32:41.028Z
115,Split #115,00:00:03.960,00:06:43.686,2023-04-08T05:32:44.988Z
116,Split #116,00:00:03.802,00:06:47.488,2023-04-08T05:32:48.790Z
117,Split #117,00:00:05.198,00:06:52.686,2023-04-08T05:32:53.988Z
118,Split #118,00:00:02.756,00:06:55.442,2023-04-08T05:32:56.744Z
119,Split #119,00:00:03.195,00:06:58.637,2023-04-08T05:32:59.939Z
120,Split #120,00:00:02.542,00:07:01.179,2023-04-08T05:33:02.481Z
121,Split #121,00:00:03.870,00:07:05.049,2023-04-08T05:33:06.351Z
122,Split #122,00:00:03.162,00:07:08.211,2023-04-08T05:33:09.513Z
123,Split #123,00:00:03.758,00:07:11.969,2023-04-08T05:33:13.271Z
124,Split #124,00:00:03.690,00:07:15.659,2023-04-08T05:33:16.961Z
125,Split #125,00:00:05.096,00:07:20.755,2023-04-08T05:33:22.057Z
126,Split #126,00:00:04.657,00:07:25.412,2023-04-08T05:33:26.714Z
127,Split #127,00:00:06.075,00:07:31.487,2023-04-08T05:33:32.789Z
128,Split #128,00:00:05.041,00:07:36.528,2023-04-08T05:33:37.830Z
129,Split #129,00:00:05.309,00:07:41.837,2023-04-08T05:33:43.139Z
130,Split #130,00:00:08.235,00:07:50.072,2023-04-08T05:33:51.374Z
131,Split #131,00:00:04.567,00:07:54.639,2023-04-08T05:33:55.941Z
132,Split #132,00:00:04.039,00:07:58.678,2023-04-08T05:33:59.980Z
133,Split #133,00:00:05.715,00:08:04.393,2023-04-08T05:34:05.695Z
134,Split #134,00:00:05.423,00:08:09.816,2023-04-08T05:34:11.118Z
135,Split #135,00:00:04.410,00:08:14.226,2023-04-08T05:34:15.528Z
136,Split #136,00:00:04.477,00:08:18.703,2023-04-08T05:34:20.005Z
137,Split #137,00:00:05.434,00:08:24.137,2023-04-08T05:34:25.439Z
138,Split #138,00:00:04.839,00:08:28.976,2023-04-08T05:34:30.278Z
139,Split #139,00:00:03.576,00:08:32.552,2023-04-08T05:34:33.854Z
140,Split #140,00:00:04.005,00:08:36.557,2023-04-08T05:34:37.859Z
141,Split #141,00:00:03.713,00:08:40.270,2023-04-08T05:34:41.572Z
142,Split #142,00:00:04.309,00:08:44.579,2023-04-08T05:34:45.881Z
143,Split #143,00:00:03.489,00:08:48.068,2023-04-08T05:34:49.370Z
144,Split #144,00:00:03.767,00:08:51.835,2023-04-08T05:34:53.137Z
145,Split #145,00:00:05.469,00:08:57.304,2023-04-08T05:34:58.606Z
146,Split #146,00:00:02.113,00:08:59.417,2023-04-08T05:35:00.719Z
147,Split #147,00:00:01.327,00:09:00.744,2023-04-08T05:35:02.046Z
148,Split #148,00:00:01.935,00:09:02.679,2023-04-08T05:35:03.981Z
149,Split #149,00:00:02.138,00:09:04.817,2023-04-08T05:35:06.119Z
150,Split #150,00:00:02.632,00:09:07.449,2023-04-08T05:35:08.751Z
151,Split #151,00:00:02.521,00:09:09.970,2023-04-08T05:35:11.272Z
152,Split #152,00:00:02.294,00:09:12.264,2023-04-08T05:35:13.566Z
153,Split #153,00:00:02.250,00:09:14.514,2023-04-08T05:35:15.816Z
154,Split #154,00:00:03.095,00:09:17.609,2023-04-08T05:35:18.911Z
155,Split #155,00:00:02.407,00:09:20.016,2023-04-08T05:35:21.318Z
156,Split #156,00:00:02.442,00:09:22.458,2023-04-08T05:35:23.760Z
157,Split #157,00:00:02.745,00:09:25.203,2023-04-08T05:35:26.505Z
158,Split #158,00:00:02.477,00:09:27.680,2023-04-08T05:35:28.982Z
159,Split #159,00:00:02.157,00:09:29.837,2023-04-08T05:35:31.139Z
160,Split #160,00:00:02.070,00:09:31.907,2023-04-08T05:35:33.209Z
161,Split #161,00:00:02.003,00:09:33.910,2023-04-08T05:35:35.212Z
162,Split #162,00:00:02.005,00:09:35.915,2023-04-08T05:35:37.217Z
163,Split #163,00:00:01.933,00:09:37.848,2023-04-08T05:35:39.150Z
164,Split #164,00:00:01.936,00:09:39.784,2023-04-08T05:35:41.086Z
165,Split #165,00:00:01.956,00:09:41.740,2023-04-08T05:35:43.042Z
166,Split #166,00:00:02.295,00:09:44.035,2023-04-08T05:35:45.337Z
167,Split #167,00:00:02.025,00:09:46.060,2023-04-08T05:35:47.362Z
168,Split #168,00:00:02.251,00:09:48.311,2023-04-08T05:35:49.613Z
169,Split #169,00:00:02.136,00:09:50.447,2023-04-08T05:35:51.749Z
170,Split #170,00:00:02.206,00:09:52.653,2023-04-08T05:35:53.955Z
171,Split #171,00:00:02.633,00:09:55.286,2023-04-08T05:35:56.588Z
172,Split #172,00:00:02.272,00:09:57.558,2023-04-08T05:35:58.860Z
173,Split #173,00:00:03.083,00:10:00.641,2023-04-08T05:36:01.943Z
174,Split #174,00:00:02.721,00:10:03.362,2023-04-08T05:36:04.664Z
175,Split #175,00:00:02.352,00:10:05.714,2023-04-08T05:36:07.016Z
176,Split #176,00:00:01.282,00:10:06.996,2023-04-08T05:36:08.298Z
177,Split #177,00:00:02.171,00:10:09.167,2023-04-08T05:36:10.469Z
178,Split #178,00:00:02.409,00:10:11.576,2023-04-08T05:36:12.878Z
179,Split #179,00:00:02.159,00:10:13.735,2023-04-08T05:36:15.037Z
180,Split #180,00:00:02.285,00:10:16.020,2023-04-08T05:36:17.322Z
181,Split #181,00:00:03.105,00:10:19.125,2023-04-08T05:36:20.427Z
182,Split #182,00:00:03.396,00:10:22.521,2023-04-08T05:36:23.823Z
183,Split #183,00:00:02.767,00:10:25.288,2023-04-08T05:36:26.590Z
184,Split #184,00:00:02.588,00:10:27.876,2023-04-08T05:36:29.178Z
185,Split #185,00:00:02.250,00:10:30.126,2023-04-08T05:36:31.428Z
186,Split #186,00:00:04.050,00:10:34.176,2023-04-08T05:36:35.478Z
187,Split #187,00:00:03.893,00:10:38.069,2023-04-08T05:36:39.371Z
188,Split #188,00:00:03.782,00:10:41.851,2023-04-08T05:36:43.153Z
189,Split #189,00:00:03.533,00:10:45.384,2023-04-08T05:36:46.686Z
190,Split #190,00:00:06.298,00:10:51.682,2023-04-08T05:36:52.984Z
191,Split #191,00:00:04.094,00:10:55.776,2023-04-08T05:36:57.078Z
192,Split #192,00:00:03.600,00:10:59.376,2023-04-08T05:37:00.678Z
193,Split #193,00:00:03.623,00:11:02.999,2023-04-08T05:37:04.301Z
194,Split #194,00:00:03.836,00:11:06.835,2023-04-08T05:37:08.137Z
195,Split #195,00:00:03.532,00:11:10.367,2023-04-08T05:37:11.669Z
196,Split #196,00:00:03.275,00:11:13.642,2023-04-08T05:37:14.944Z
197,Split #197,00:00:04.094,00:11:17.736,2023-04-08T05:37:19.038Z
198,Split #198,00:00:02.565,00:11:20.301,2023-04-08T05:37:21.603Z
199,Split #199,00:00:01.215,00:11:21.516,2023-04-08T05:37:22.818Z
200,Split #200,00:00:01.507,00:11:23.023,2023-04-08T05:37:24.325Z
201,Split #201,00:00:01.733,00:11:24.756,2023-04-08T05:37:26.058Z
202,Split #202,00:00:01.564,00:11:26.320,2023-04-08T05:37:27.622Z
203,Split #203,00:00:01.924,00:11:28.244,2023-04-08T05:37:29.546Z
204,Split #204,00:00:01.913,00:11:30.157,2023-04-08T05:37:31.459Z
205,Split #205,00:00:03.847,00:11:34.004,2023-04-08T05:37:35.306Z
206,Split #206,00:00:11.103,00:11:45.107,2023-04-08T05:37:46.409Z
207,Split #207,00:00:07.335,00:11:52.442,2023-04-08T05:37:53.744Z
208,Split #208,00:00:05.750,00:11:58.192,2023-04-08T05:37:59.494Z
209,Split #209,00:00:06.997,00:12:05.189,2023-04-08T05:38:06.491Z
210,Split #210,00:00:06.188,00:12:11.377,2023-04-08T05:38:12.679Z
211,Split #211,00:00:06.389,00:12:17.766,2023-04-08T05:38:19.068Z
212,Split #212,00:00:04.816,00:12:22.582,2023-04-08T05:38:23.884Z
213,Split #213,00:00:09.112,00:12:31.694,2023-04-08T05:38:32.996Z
214,Split #214,00:00:05.265,00:12:36.959,2023-04-08T05:38:38.261Z
215,Split #215,00:00:04.185,00:12:41.144,2023-04-08T05:38:42.446Z
216,Split #216,00:00:03.860,00:12:45.004,2023-04-08T05:38:46.306Z
217,Split #217,00:00:03.790,00:12:48.794,2023-04-08T05:38:50.096Z
218,Split #218,00:00:04.412,00:12:53.206,2023-04-08T05:38:54.508Z
219,Split #219,00:00:03.676,00:12:56.882,2023-04-08T05:38:58.184Z
220,Split #220,00:00:03.668,00:13:00.550,2023-04-08T05:39:01.852Z
221,Split #221,00:00:04.219,00:13:04.769,2023-04-08T05:39:06.071Z
222,Split #222,00:00:05.850,00:13:10.619,2023-04-08T05:39:11.921Z
223,Split #223,00:00:04.050,00:13:14.669,2023-04-08T05:39:15.971Z
224,Split #224,00:00:03.825,00:13:18.494,2023-04-08T05:39:19.796Z
225,Split #225,00:00:03.892,00:13:22.386,2023-04-08T05:39:23.688Z
226,Split #226,00:00:05.772,00:13:28.158,2023-04-08T05:39:29.460Z
227,Split #227,00:00:05.085,00:13:33.243,2023-04-08T05:39:34.545Z
228,Split #228,00:00:04.072,00:13:37.315,2023-04-08T05:39:38.617Z
229,Split #229,00:00:03.960,00:13:41.275,2023-04-08T05:39:42.577Z
230,Split #230,00:00:04.253,00:13:45.528,2023-04-08T05:39:46.830Z
231,Split #231,00:00:03.150,00:13:48.678,2023-04-08T05:39:49.980Z
232,Split #232,00:00:03.048,00:13:51.726,2023-04-08T05:39:53.028Z
233,Split #233,00:00:03.420,00:13:55.146,2023-04-08T05:39:56.448Z
234,Split #234,00:00:03.600,00:13:58.746,2023-04-08T05:40:00.048Z
235,Split #235,00:00:02.588,00:14:01.334,2023-04-08T05:40:02.636Z
236,Split #236,00:00:02.206,00:14:03.540,2023-04-08T05:40:04.842Z
237,Split #237,00:00:03.531,00:14:07.071,2023-04-08T05:40:08.373Z
238,Split #238,00:00:02.342,00:14:09.413,2023-04-08T05:40:10.715Z
239,Split #239,00:00:02.226,00:14:11.639,2023-04-08T05:40:12.941Z
240,Split #240,00:00:01.980,00:14:13.619,2023-04-08T05:40:14.921Z
241,Split #241,00:00:02.329,00:14:15.948,2023-04-08T05:40:17.250Z
242,Split #242,00:00:02.498,00:14:18.446,2023-04-08T05:40:19.748Z
243,Split #243,00:00:02.609,00:14:21.055,2023-04-08T05:40:22.357Z
244,Split #244,00:00:03.242,00:14:24.297,2023-04-08T05:40:25.599Z
245,Split #245,00:00:01.687,00:14:25.984,2023-04-08T05:40:27.286Z
246,Split #246,00:00:04.859,00:14:30.843,2023-04-08T05:40:32.145Z
247,Split #247,00:00:04.635,00:14:35.478,2023-04-08T05:40:36.780Z
248,Split #248,00:00:04.050,00:14:39.528,2023-04-08T05:40:40.830Z
249,Split #249,00:00:06.030,00:14:45.558,2023-04-08T05:40:46.860Z
250,Split #250,00:00:07.537,00:14:53.095,2023-04-08T05:40:54.397Z
251,Split #251,00:00:06.323,00:14:59.418,2023-04-08T05:41:00.720Z
252,Split #252,00:00:07.222,00:15:06.640,2023-04-08T05:41:07.942Z
253,Split #253,00:00:04.253,00:15:10.893,2023-04-08T05:41:12.195Z
254,Split #254,00:00:12.533,00:15:23.426,2023-04-08T05:41:24.728Z
255,Split #255,00:00:32.760,00:15:56.186,2023-04-08T05:41:57.488Z