#,Label,Interval,Total,Time Recorded
000,Start #1,---,---,2023-03-21T17:59:15.239Z
001,Split #1,00:00:03.458,00:00:03.458,2023-03-21T17:59:18.697Z
002,Split #2,00:00:03.346,00:00:06.804,2023-03-21T17:59:22.043Z
003,Split #3,00:00:03.208,00:00:10.012,2023-03-21T17:59:25.251Z
004,Split #4,00:00:02.959,00:00:12.971,2023-03-21T17:59:28.210Z
005,Split #5,00:00:03.082,00:00:16.053,2023-03-21T17:59:31.292Z
006,Split #6,00:00:02.992,00:00:19.045,2023-03-21T17:59:34.284Z
007,Split #7,00:00:03.309,00:00:22.354,2023-03-21T17:59:37.593Z
008,Split #8,00:00:03.307,00:00:25.661,2023-03-21T17:59:40.900Z
009,Split #9,00:00:03.353,00:00:29.014,2023-03-21T17:59:44.253Z
010,Split #10,00:00:02.992,00:00:32.006,2023-03-21T17:59:47.245Z
011,Split #11,00:00:02.859,00:00:34.865,2023-03-21T17:59:50.104Z
012,Split #12,00:00:03.070,00:00:37.935,2023-03-21T17:59:53.174Z
013,Split #13,00:00:03.329,00:00:41.264,2023-03-21T17:59:56.503Z
014,Split #14,00:00:03.015,00:00:44.279,2023-03-21T17:59:59.518Z
015,Split #15,00:00:03.095,00:00:47.374,2023-03-21T18:00:02.613Z
016,Split #16,00:00:03.284,00:00:50.658,2023-03-21T18:00:05.897Z
017,Split #17,00:00:03.376,00:00:54.034,2023-03-21T18:00:09.273Z
018,Split #18,00:00:03.081,00:00:57.115,2023-03-21T18:00:12.354Z
019,Split #19,00:00:03.176,00:01:00.291,2023-03-21T18:00:15.530Z
020,Split #20,00:00:03.035,00:01:03.326,2023-03-21T18:00:18.565Z
021,Split #21,00:00:02.949,00:01:06.275,2023-03-21T18:00:21.514Z
022,Split #22,00:00:03.059,00:01:09.334,2023-03-21T18:00:24.573Z
023,Split #23,00:00:03.014,00:01:12.348,2023-03-21T18:00:27.587Z
024,Split #24,00:00:03.836,00:01:16.184,2023-03-21T18:00:31.423Z
025,Split #25,00:00:03.286,00:01:19.470,2023-03-21T18:00:34.709Z
026,Split #26,00:00:03.014,00:01:22.484,2023-03-21T18:00:37.723Z
027,Split #27,00:00:02.859,00:01:25.343,2023-03-21T18:00:40.582Z
028,Split #28,00:00:02.767,00:01:28.110,2023-03-21T18:00:43.349Z
029,Split #29,00:00:02.992,00:01:31.102,2023-03-21T18:00:46.341Z
030,Split #30,00:00:02.882,00:01:33.984,2023-03-21T18:00:49.223Z
031,Split #31,00:00:02.901,00:01:36.885,2023-03-21T18:00:52.124Z
032,Split #32,00:00:03.003,00:01:39.888,2023-03-21T18:00:55.127Z
033,Split #33,00:00:03.297,00:01:43.185,2023-03-21T18:00:58.424Z
034,Split #34,00:00:02.903,00:01:46.088,2023-03-21T18:01:01.327Z
035,Split #35,00:00:03.037,00:01:49.125,2023-03-21T18:01:04.364Z
036,Split #36,00:00:02.791,00:01:51.916,2023-03-21T18:01:07.155Z
037,Split #37,00:00:02.880,00:01:54.796,2023-03-21T18:01:10.035Z
038,Split #38,00:00:02.611,00:01:57.407,2023-03-21T18:01:12.646Z
039,Split #39,00:00:02.429,00:01:59.836,2023-03-21T18:01:15.075Z
040,Split #40,00:00:03.149,00:02:02.985,2023-03-21T18:01:18.224Z
041,Split #41,00:00:02.758,00:02:05.743,2023-03-21T18:01:20.982Z
042,Split #42,00:00:03.047,00:02:08.790,2023-03-21T18:01:24.029Z
043,Split #43,00:00:02.837,00:02:11.627,2023-03-21T18:01:26.866Z
044,Split #44,00:00:02.857,00:02:14.484,2023-03-21T18:01:29.723Z
045,Split #45,00:00:03.172,00:02:17.656,2023-03-21T18:01:32.895Z
046,Split #46,00:00:03.019,00:02:20.675,2023-03-21T18:01:35.914Z
047,Split #47,00:00:02.831,00:02:23.506,2023-03-21T18:01:38.745Z
048,Split #48,00:00:03.171,00:02:26.677,2023-03-21T18:01:41.916Z
049,Split #49,00:00:03.197,00:02:29.874,2023-03-21T18:01:45.113Z
050,Split #50,00:00:03.801,00:02:33.675,2023-03-21T18:01:48.914Z
051,Split #51,00:00:03.243,00:02:36.918,2023-03-21T18:01:52.157Z
052,Split #52,00:00:02.630,00:02:39.548,2023-03-21T18:01:54.787Z
053,Split #53,00:00:02.633,00:02:42.181,2023-03-21T18:01:57.420Z
054,Split #54,00:00:02.836,00:02:45.017,2023-03-21T18:02:00.256Z
055,Split #55,00:00:02.858,00:02:47.875,2023-03-21T18:02:03.114Z
056,Split #56,00:00:02.463,00:02:50.338,2023-03-21T18:02:05.577Z
057,Split #57,00:00:02.588,00:02:52.926,2023-03-21T18:02:08.165Z
058,Split #58,00:00:02.473,00:02:55.399,2023-03-21T18:02:10.638Z
059,Split #59,00:00:02.430,00:02:57.829,2023-03-21T18:02:13.068Z
060,Split #60,00:00:02.589,00:03:00.418,2023-03-21T18:02:15.657Z
061,Split #61,00:00:02.610,00:03:03.028,2023-03-21T18:02:18.267Z
062,Split #62,00:00:02.519,00:03:05.547,2023-03-21T18:02:20.786Z
063,Split #63,00:00:02.611,00:03:08.158,2023-03-21T18:02:23.397Z
064,Split #64,00:00:02.837,00:03:10.995,2023-03-21T18:02:26.234Z
065,Split #65,00:00:02.563,00:03:13.558,2023-03-21T18:02:28.797Z
066,Split #66,00:00:02.589,00:03:16.147,2023-03-21T18:02:31.386Z
067,Split #67,00:00:02.653,00:03:18.800,2023-03-21T18:02:34.039Z
068,Split #68,00:00:02.586,00:03:21.386,2023-03-21T18:02:36.625Z
069,Split #69,00:00:02.657,00:03:24.043,2023-03-21T18:02:39.282Z
070,Split #70,00:00:02.609,00:03:26.652,2023-03-21T18:02:41.891Z
071,Split #71,00:00:02.521,00:03:29.173,2023-03-21T18:02:44.412Z
072,Split #72,00:00:02.475,00:03:31.648,2023-03-21T18:02:46.887Z
073,Split #73,00:00:02.700,00:03:34.348,2023-03-21T18:02:49.587Z
074,Split #74,00:00:02.407,00:03:36.755,2023-03-21T18:02:51.994Z
075,Split #75,00:00:02.520,00:03:39.275,2023-03-21T18:02:54.514Z
076,Split #76,00:00:02.230,00:03:41.505,2023-03-21T18:02:56.744Z
077,Split #77,00:00:02.575,00:03:44.080,2023-03-21T18:02:59.319Z
078,Split #78,00:00:02.744,00:03:46.824,2023-03-21T18:03:02.063Z
079,Split #79,00:00:02.611,00:03:49.435,2023-03-21T18:03:04.674Z
080,Split #80,00:00:02.924,00:03:52.359,2023-03-21T18:03:07.598Z
081,Split #81,00:00:03.534,00:03:55.893,2023-03-21T18:03:11.132Z
082,Split #82,00:00:03.081,00:03:58.974,2023-03-21T18:03:14.213Z
083,Split #83,00:00:03.422,00:04:02.396,2023-03-21T18:03:17.635Z
084,Split #84,00:00:02.800,00:04:05.196,2023-03-21T18:03:20.435Z
085,Split #85,00:00:02.947,00:04:08.143,2023-03-21T18:03:23.382Z
086,Split #86,00:00:02.860,00:04:11.003,2023-03-21T18:03:26.242Z
087,Split #87,00:00:02.990,00:04:13.993,2023-03-21T18:03:29.232Z
088,Split #88,00:00:02.858,00:04:16.851,2023-03-21T18:03:32.090Z
089,Split #89,00:00:02.812,00:04:19.663,2023-03-21T18:03:34.902Z
090,Split #90,00:00:02.870,00:04:22.533,2023-03-21T18:03:37.772Z
091,Split #91,00:00:02.903,00:04:25.436,2023-03-21T18:03:40.675Z
092,Split #92,00:00:02.912,00:04:28.348,2023-03-21T18:03:43.587Z
093,Split #93,00:00:03.128,00:04:31.476,2023-03-21T18:03:46.715Z
094,Split #94,00:00:02.928,00:04:34.404,2023-03-21T18:03:49.643Z
095,Split #95,00:00:02.854,00:04:37.258,2023-03-21T18:03:52.497Z
096,Split #96,00:00:02.859,00:04:40.117,2023-03-21T18:03:55.356Z
097,Split #97,00:00:02.970,00:04:43.087,2023-03-21T18:03:58.326Z
098,Split #98,00:00:02.972,00:04:46.059,2023-03-21T18:04:01.298Z
099,Split #99,00:00:02.786,00:04:48.845,2023-03-21T18:04:04.084Z
100,Split #100,00:00:02.970,00:04:51.815,2023-03-21T18:04:07.054Z
101,Split #101,00:00:02.904,00:04:54.719,2023-03-21T18:04:09.958Z
102,Split #102,00:00:02.903,00:04:57.622,2023-03-21T18:04:12.861Z
103,Split #103,00:00:03.040,00:05:00.662,2023-03-21T18:04:15.901Z
104,Split #104,00:00:03.124,00:05:03.786,2023-03-21T18:04:19.025Z
105,Split #105,00:00:03.364,00:05:07.150,2023-03-21T18:04:22.389Z
106,Split #106,00:00:03.399,00:05:10.549,2023-03-21T18:04:25.788Z
107,Split #107,00:00:03.083,00:05:13.632,2023-03-21T18:04:28.871Z
108,Split #108,00:00:02.990,00:05:16.622,2023-03-21T18:04:31.861Z
109,Split #109,00:00:03.286,00:05:19.908,2023-03-21T18:04:35.147Z
110,Split #110,00:00:03.329,00:05:23.237,2023-03-21T18:04:38.476Z
111,Split #111,00:00:03.105,00:05:26.342,2023-03-21T18:04:41.581Z
112,Split #112,00:00:03.129,00:05:29.471,2023-03-21T18:04:44.710Z
113,Split #113,00:00:03.230,00:05:32.701,2023-03-21T18:04:47.940Z
114,Split #114,00:00:03.295,00:05:35.996,2023-03-21T18:04:51.235Z
115,Split #115,00:00:03.195,00:05:39.191,2023-03-21T18:04:54.430Z
116,Split #116,00:00:03.083,00:05:42.274,2023-03-21T18:04:57.513Z
117,Split #117,00:00:03.780,00:05:46.054,2023-03-21T18:05:01.293Z
118,Split #118,00:00:03.285,00:05:49.339,2023-03-21T18:05:04.578Z
119,Split #119,00:00:03.059,00:05:52.398,2023-03-21T18:05:07.637Z
120,Split #120,00:00:03.713,00:05:56.111,2023-03-21T18:05:11.350Z
121,Split #121,00:00:04.814,00:06:00.925,2023-03-21T18:05:16.164Z
122,Split #122,00:00:03.715,00:06:04.640,2023-03-21T18:05:19.879Z
123,Split #123,00:00:03.553,00:06:08.193,2023-03-21T18:05:23.432Z
124,Split #124,00:00:02.250,00:06:10.443,2023-03-21T18:05:25.682Z
125,Split #125,00:00:01.350,00:06:11.793,2023-03-21T18:05:27.032Z
126,Split #126,00:00:03.048,00:06:14.841,2023-03-21T18:05:30.080Z
127,Split #127,00:00:03.745,00:06:18.586,2023-03-21T18:05:33.825Z
128,Split #128,00:00:03.587,00:06:22.173,2023-03-21T18:05:37.412Z
129,Split #129,00:00:03.621,00:06:25.794,2023-03-21T18:05:41.033Z
130,Split #130,00:00:03.557,00:06:29.351,2023-03-21T18:05:44.590Z
131,Split #131,00:00:03.664,00:06:33.015,2023-03-21T18:05:48.254Z
132,Split #132,00:00:03.533,00:06:36.548,2023-03-21T18:05:51.787Z
133,Split #133,00:00:03.822,00:06:40.370,2023-03-21T18:05:55.609Z
134,Split #134,00:00:04.863,00:06:45.233,2023-03-21T18:06:00.472Z
135,Split #135,00:00:03.147,00:06:48.380,2023-03-21T18:06:03.619Z
136,Split #136,00:00:03.082,00:06:51.462,2023-03-21T18:06:06.701Z
137,Split #137,00:00:03.059,00:06:54.521,2023-03-21T18:06:09.760Z
138,Split #138,00:00:03.715,00:06:58.236,2023-03-21T18:06:13.475Z
139,Split #139,00:00:03.285,00:07:01.521,2023-03-21T18:06:16.760Z
140,Split #140,00:00:03.083,00:07:04.604,2023-03-21T18:06:19.843Z
141,Split #141,00:00:03.419,00:07:08.023,2023-03-21T18:06:23.262Z
142,Split #142,00:00:03.102,00:07:11.125,2023-03-21T18:06:26.364Z
143,Split #143,00:00:03.285,00:07:14.410,2023-03-21T18:06:29.649Z
144,Split #144,00:00:03.310,00:07:17.720,2023-03-21T18:06:32.959Z
145,Split #145,00:00:03.193,00:07:20.913,2023-03-21T18:06:36.152Z
146,Split #146,00:00:03.600,00:07:24.513,2023-03-21T18:06:39.752Z
147,Split #147,00:00:03.039,00:07:27.552,2023-03-21T18:06:42.791Z
148,Split #148,00:00:03.240,00:07:30.792,2023-03-21T18:06:46.031Z
149,Split #149,00:00:03.306,00:07:34.098,2023-03-21T18:06:49.337Z
150,Split #150,00:00:02.836,00:07:36.934,2023-03-21T18:06:52.173Z
151,Split #151,00:00:02.879,00:07:39.813,2023-03-21T18:06:55.052Z
152,Split #152,00:00:03.015,00:07:42.828,2023-03-21T18:06:58.067Z
153,Split #153,00:00:02.836,00:07:45.664,2023-03-21T18:07:00.903Z
154,Split #154,00:00:02.363,00:07:48.027,2023-03-21T18:07:03.266Z
155,Split #155,00:00:02.789,00:07:50.816,2023-03-21T18:07:06.055Z
156,Split #156,00:00:02.770,00:07:53.586,2023-03-21T18:07:08.825Z
157,Split #157,00:00:02.585,00:07:56.171,2023-03-21T18:07:11.410Z
158,Split #158,00:00:02.475,00:07:58.646,2023-03-21T18:07:13.885Z
159,Split #159,00:00:02.475,00:08:01.121,2023-03-21T18:07:16.360Z
160,Split #160,00:00:02.532,00:08:03.653,2023-03-21T18:07:18.892Z
161,Split #161,00:00:02.541,00:08:06.194,2023-03-21T18:07:21.433Z
162,Split #162,00:00:02.612,00:08:08.806,2023-03-21T18:07:24.045Z
163,Split #163,00:00:02.609,00:08:11.415,2023-03-21T18:07:26.654Z
164,Split #164,00:00:02.655,00:08:14.070,2023-03-21T18:07:29.309Z
165,Split #165,00:00:02.352,00:08:16.422,2023-03-21T18:07:31.661Z
166,Split #166,00:00:02.250,00:08:18.672,2023-03-21T18:07:33.911Z
167,Split #167,00:00:02.835,00:08:21.507,2023-03-21T18:07:36.746Z
168,Split #168,00:00:02.722,00:08:24.229,2023-03-21T18:07:39.468Z
169,Split #169,00:00:02.475,00:08:26.704,2023-03-21T18:07:41.943Z
170,Split #170,00:00:02.496,00:08:29.200,2023-03-21T18:07:44.439Z
171,Split #171,00:00:02.433,00:08:31.633,2023-03-21T18:07:46.872Z
172,Split #172,00:00:02.541,00:08:34.174,2023-03-21T18:07:49.413Z
173,Split #173,00:00:02.554,00:08:36.728,2023-03-21T18:07:51.967Z
174,Split #174,00:00:02.632,00:08:39.360,2023-03-21T18:07:54.599Z
175,Split #175,00:00:02.812,00:08:42.172,2023-03-21T18:07:57.411Z
176,Split #176,00:00:02.678,00:08:44.850,2023-03-21T18:08:00.089Z
177,Split #177,00:00:02.745,00:08:47.595,2023-03-21T18:08:02.834Z
178,Split #178,00:00:03.216,00:08:50.811,2023-03-21T18:08:06.050Z
179,Split #179,00:00:02.949,00:08:53.760,2023-03-21T18:08:08.999Z
180,Split #180,00:00:02.894,00:08:56.654,2023-03-21T18:08:11.893Z
181,Split #181,00:00:02.000,00:08:58.654,2023-03-21T18:08:13.893Z
182,Split #182,00:00:00.967,00:08:59.621,2023-03-21T18:08:14.860Z
183,Split #183,00:00:03.265,00:09:02.886,2023-03-21T18:08:18.125Z
184,Split #184,00:00:03.037,00:09:05.923,2023-03-21T18:08:21.162Z
185,Split #185,00:00:03.542,00:09:09.465,2023-03-21T18:08:24.704Z
186,Split #186,00:00:03.093,00:09:12.558,2023-03-21T18:08:27.797Z
187,Split #187,00:00:03.556,00:09:16.114,2023-03-21T18:08:31.353Z
188,Split #188,00:00:03.396,00:09:19.510,2023-03-21T18:08:34.749Z
189,Split #189,00:00:03.353,00:09:22.863,2023-03-21T18:08:38.102Z
190,Split #190,00:00:03.243,00:09:26.106,2023-03-21T18:08:41.345Z
191,Split #191,00:00:03.283,00:09:29.389,2023-03-21T18:08:44.628Z
192,Split #192,00:00:03.487,00:09:32.876,2023-03-21T18:08:48.115Z
193,Split #193,00:00:03.331,00:09:36.207,2023-03-21T18:08:51.446Z
194,Split #194,00:00:03.219,00:09:39.426,2023-03-21T18:08:54.665Z
195,Split #195,00:00:03.083,00:09:42.509,2023-03-21T18:08:57.748Z
196,Split #196,00:00:03.304,00:09:45.813,2023-03-21T18:09:01.052Z
197,Split #197,00:00:03.173,00:09:48.986,2023-03-21T18:09:04.225Z
198,Split #198,00:00:03.286,00:09:52.272,2023-03-21T18:09:07.511Z
199,Split #199,00:00:03.576,00:09:55.848,2023-03-21T18:09:11.087Z
200,Split #200,00:00:03.578,00:09:59.426,2023-03-21T18:09:14.665Z
201,Split #201,00:00:03.512,00:10:02.938,2023-03-21T18:09:18.177Z
202,Split #202,00:00:03.845,00:10:06.783,2023-03-21T18:09:22.022Z
203,Split #203,00:00:03.196,00:10:09.979,2023-03-21T18:09:25.218Z
204,Split #204,00:00:03.600,00:10:13.579,2023-03-21T18:09:28.818Z
205,Split #205,00:00:03.307,00:10:16.886,2023-03-21T18:09:32.125Z
206,Split #206,00:00:03.645,00:10:20.531,2023-03-21T18:09:35.770Z
207,Split #207,00:00:03.240,00:10:23.771,2023-03-21T18:09:39.010Z
208,Split #208,00:00:03.560,00:10:27.331,2023-03-21T18:09:42.570Z
209,Split #209,00:00:03.394,00:10:30.725,2023-03-21T18:09:45.964Z
210,Split #210,00:00:04.342,00:10:35.067,2023-03-21T18:09:50.306Z
211,Split #211,00:00:05.489,00:10:40.556,2023-03-21T18:09:55.795Z
212,Split #212,00:00:04.279,00:10:44.835,2023-03-21T18:10:00.074Z
213,Split #213,00:00:04.002,00:10:48.837,2023-03-21T18:10:04.076Z
214,Split #214,00:00:03.655,00:10:52.492,2023-03-21T18:10:07.731Z
215,Split #215,00:00:04.186,00:10:56.678,2023-03-21T18:10:11.917Z
216,Split #216,00:00:04.747,00:11:01.425,2023-03-21T18:10:16.664Z
217,Split #217,00:00:04.432,00:11:05.857,2023-03-21T18:10:21.096Z
218,Split #218,00:00:04.414,00:11:10.271,2023-03-21T18:10:25.510Z
219,Split #219,00:00:03.913,00:11:14.184,2023-03-21T18:10:29.423Z
220,Split #220,00:00:03.217,00:11:17.401,2023-03-21T18:10:32.640Z
221,Split #221,00:00:03.218,00:11:20.619,2023-03-21T18:10:35.858Z
222,Split #222,00:00:03.126,00:11:23.745,2023-03-21T18:10:38.984Z
223,Split #223,00:00:03.286,00:11:27.031,2023-03-21T18:10:42.270Z
224,Split #224,00:00:03.206,00:11:30.237,2023-03-21T18:10:45.476Z
225,Split #225,00:00:03.306,00:11:33.543,2023-03-21T18:10:48.782Z
226,Split #226,00:00:03.199,00:11:36.742,2023-03-21T18:10:51.981Z
227,Split #227,00:00:03.668,00:11:40.410,2023-03-21T18:10:55.649Z
228,Split #228,00:00:03.551,00:11:43.961,2023-03-21T18:10:59.200Z
229,Split #229,00:00:03.634,00:11:47.595,2023-03-21T18:11:02.834Z
230,Split #230,00:00:03.083,00:11:50.678,2023-03-21T18:11:05.917Z
231,Split #231,00:00:03.104,00:11:53.782,2023-03-21T18:11:09.021Z
232,Split #232,00:00:02.768,00:11:56.550,2023-03-21T18:11:11.789Z
233,Split #233,00:00:00.361,00:11:56.911,2023-03-21T18:11:12.150Z
234,Split #234,00:00:03.171,00:12:00.082,2023-03-21T18:11:15.321Z
235,Split #235,00:00:02.565,00:12:02.647,2023-03-21T18:11:17.886Z
236,Split #236,00:00:03.061,00:12:05.708,2023-03-21T18:11:20.947Z
237,Split #237,00:00:02.804,00:12:08.512,2023-03-21T18:11:23.751Z
238,Split #238,00:00:02.878,00:12:11.390,2023-03-21T18:11:26.629Z
239,Split #239,00:00:02.946,00:12:14.336,2023-03-21T18:11:29.575Z
240,Split #240,00:00:02.961,00:12:17.297,2023-03-21T18:11:32.536Z
241,Split #241,00:00:02.855,00:12:20.152,2023-03-21T18:11:35.391Z
242,Split #242,00:00:03.015,00:12:23.167,2023-03-21T18:11:38.406Z
243,Split #243,00:00:02.835,00:12:26.002,2023-03-21T18:11:41.241Z
244,Split #244,00:00:03.064,00:12:29.066,2023-03-21T18:11:44.305Z
245,Split #245,00:00:02.878,00:12:31.944,2023-03-21T18:11:47.183Z
246,Split #246,00:00:03.007,00:12:34.951,2023-03-21T18:11:50.190Z
247,Split #247,00:00:02.920,00:12:37.871,2023-03-21T18:11:53.110Z
248,Split #248,00:00:02.614,00:12:40.485,2023-03-21T18:11:55.724Z
249,Split #249,00:00:03.283,00:12:43.768,2023-03-21T18:11:59.007Z
250,Split #250,00:00:03.535,00:12:47.303,2023-03-21T18:12:02.542Z
251,Split #251,00:00:03.429,00:12:50.732,2023-03-21T18:12:05.971Z
252,Split #252,00:00:03.490,00:12:54.222,2023-03-21T18:12:09.461Z
253,Split #253,00:00:03.215,00:12:57.437,2023-03-21T18:12:12.676Z
254,Split #254,00:00:03.487,00:13:00.924,2023-03-21T18:12:16.163Z
255,Split #255,00:00:03.443,00:13:04.367,2023-03-21T18:12:19.606Z
256,Split #256,00:00:03.240,00:13:07.607,2023-03-21T18:12:22.846Z
257,Split #257,00:00:03.850,00:13:11.457,2023-03-21T18:12:26.696Z
258,Split #258,00:00:03.834,00:13:15.291,2023-03-21T18:12:30.530Z
259,Split #259,00:00:04.682,00:13:19.973,2023-03-21T18:12:35.212Z
260,Split #260,00:00:10.852,00:13:30.825,2023-03-21T18:12:46.064Z
261,Pause #1,---,---,2023-03-21T18:12:46.064Z