#,Label,Interval,Total,Time Recorded
000,Start #1,---,---,2023-03-25T17:07:50.217Z
001,Split #1,00:00:07.554,00:00:07.554,2023-03-25T17:07:57.771Z
002,Split #2,00:00:01.462,00:00:09.016,2023-03-25T17:07:59.233Z
003,Split #3,00:00:02.724,00:00:11.740,2023-03-25T17:08:01.957Z
004,Split #4,00:00:02.901,00:00:14.641,2023-03-25T17:08:04.858Z
005,Split #5,00:00:02.454,00:00:17.095,2023-03-25T17:08:07.312Z
006,Split #6,00:00:02.834,00:00:19.929,2023-03-25T17:08:10.146Z
007,Split #7,00:00:02.791,00:00:22.720,2023-03-25T17:08:12.937Z
008,Split #8,00:00:02.846,00:00:25.566,2023-03-25T17:08:15.783Z
009,Split #9,00:00:02.992,00:00:28.558,2023-03-25T17:08:18.775Z
010,Split #10,00:00:02.925,00:00:31.483,2023-03-25T17:08:21.700Z
011,Split #11,00:00:02.959,00:00:34.442,2023-03-25T17:08:24.659Z
012,Split #12,00:00:02.948,00:00:37.390,2023-03-25T17:08:27.607Z
013,Split #13,00:00:02.635,00:00:40.025,2023-03-25T17:08:30.242Z
014,Split #14,00:00:00.401,00:00:40.426,2023-03-25T17:08:30.643Z
015,Split #15,00:00:03.016,00:00:43.442,2023-03-25T17:08:33.659Z
016,Split #16,00:00:03.061,00:00:46.503,2023-03-25T17:08:36.720Z
017,Split #17,00:00:03.058,00:00:49.561,2023-03-25T17:08:39.778Z
018,Split #18,00:00:03.410,00:00:52.971,2023-03-25T17:08:43.188Z
019,Split #19,00:00:03.040,00:00:56.011,2023-03-25T17:08:46.228Z
020,Split #20,00:00:02.743,00:00:58.754,2023-03-25T17:08:48.971Z
021,Split #21,00:00:02.767,00:01:01.521,2023-03-25T17:08:51.738Z
022,Split #22,00:00:02.757,00:01:04.278,2023-03-25T17:08:54.495Z
023,Split #23,00:00:02.632,00:01:06.910,2023-03-25T17:08:57.127Z
024,Split #24,00:00:02.745,00:01:09.655,2023-03-25T17:08:59.872Z
025,Split #25,00:00:02.812,00:01:12.467,2023-03-25T17:09:02.684Z
026,Split #26,00:00:03.308,00:01:15.775,2023-03-25T17:09:05.992Z
027,Split #27,00:00:03.329,00:01:19.104,2023-03-25T17:09:09.321Z
028,Split #28,00:00:02.679,00:01:21.783,2023-03-25T17:09:12.000Z
029,Split #29,00:00:02.564,00:01:24.347,2023-03-25T17:09:14.564Z
030,Split #30,00:00:02.678,00:01:27.025,2023-03-25T17:09:17.242Z
031,Split #31,00:00:02.385,00:01:29.410,2023-03-25T17:09:19.627Z
032,Split #32,00:00:02.318,00:01:31.728,2023-03-25T17:09:21.945Z
033,Split #33,00:00:02.429,00:01:34.157,2023-03-25T17:09:24.374Z
034,Split #34,00:00:02.433,00:01:36.590,2023-03-25T17:09:26.807Z
035,Split #35,00:00:02.878,00:01:39.468,2023-03-25T17:09:29.685Z
036,Split #36,00:00:02.587,00:01:42.055,2023-03-25T17:09:32.272Z
037,Split #37,00:00:02.542,00:01:44.597,2023-03-25T17:09:34.814Z
038,Split #38,00:00:02.464,00:01:47.061,2023-03-25T17:09:37.278Z
039,Split #39,00:00:02.364,00:01:49.425,2023-03-25T17:09:39.642Z
040,Split #40,00:00:02.317,00:01:51.742,2023-03-25T17:09:41.959Z
041,Split #41,00:00:02.227,00:01:53.969,2023-03-25T17:09:44.186Z
042,Split #42,00:00:02.342,00:01:56.311,2023-03-25T17:09:46.528Z
043,Split #43,00:00:02.293,00:01:58.604,2023-03-25T17:09:48.821Z
044,Split #44,00:00:02.520,00:02:01.124,2023-03-25T17:09:51.341Z
045,Split #45,00:00:02.341,00:02:03.465,2023-03-25T17:09:53.682Z
046,Split #46,00:00:02.294,00:02:05.759,2023-03-25T17:09:55.976Z
047,Split #47,00:00:02.498,00:02:08.257,2023-03-25T17:09:58.474Z
048,Split #48,00:00:02.317,00:02:10.574,2023-03-25T17:10:00.791Z
049,Split #49,00:00:02.340,00:02:12.914,2023-03-25T17:10:03.131Z
050,Split #50,00:00:02.430,00:02:15.344,2023-03-25T17:10:05.561Z
051,Split #51,00:00:02.655,00:02:17.999,2023-03-25T17:10:08.216Z
052,Split #52,00:00:02.430,00:02:20.429,2023-03-25T17:10:10.646Z
053,Split #53,00:00:02.385,00:02:22.814,2023-03-25T17:10:13.031Z
054,Split #54,00:00:02.250,00:02:25.064,2023-03-25T17:10:15.281Z
055,Split #55,00:00:02.250,00:02:27.314,2023-03-25T17:10:17.531Z
056,Split #56,00:00:02.375,00:02:29.689,2023-03-25T17:10:19.906Z
057,Split #57,00:00:02.339,00:02:32.028,2023-03-25T17:10:22.245Z
058,Split #58,00:00:02.216,00:02:34.244,2023-03-25T17:10:24.461Z
059,Split #59,00:00:02.565,00:02:36.809,2023-03-25T17:10:27.026Z
060,Split #60,00:00:02.519,00:02:39.328,2023-03-25T17:10:29.545Z
061,Split #61,00:00:02.453,00:02:41.781,2023-03-25T17:10:31.998Z
062,Split #62,00:00:02.498,00:02:44.279,2023-03-25T17:10:34.496Z
063,Split #63,00:00:02.297,00:02:46.576,2023-03-25T17:10:36.793Z
064,Split #64,00:00:02.316,00:02:48.892,2023-03-25T17:10:39.109Z
065,Split #65,00:00:02.319,00:02:51.211,2023-03-25T17:10:41.428Z
066,Split #66,00:00:02.361,00:02:53.572,2023-03-25T17:10:43.789Z
067,Split #67,00:00:02.408,00:02:55.980,2023-03-25T17:10:46.197Z
068,Split #68,00:00:02.339,00:02:58.319,2023-03-25T17:10:48.536Z
069,Split #69,00:00:02.340,00:03:00.659,2023-03-25T17:10:50.876Z
070,Split #70,00:00:02.329,00:03:02.988,2023-03-25T17:10:53.205Z
071,Split #71,00:00:02.228,00:03:05.216,2023-03-25T17:10:55.433Z
072,Split #72,00:00:02.407,00:03:07.623,2023-03-25T17:10:57.840Z
073,Split #73,00:00:02.205,00:03:09.828,2023-03-25T17:11:00.045Z
074,Split #74,00:00:02.342,00:03:12.170,2023-03-25T17:11:02.387Z
075,Split #75,00:00:02.250,00:03:14.420,2023-03-25T17:11:04.637Z
076,Split #76,00:00:02.405,00:03:16.825,2023-03-25T17:11:07.042Z
077,Split #77,00:00:02.329,00:03:19.154,2023-03-25T17:11:09.371Z
078,Split #78,00:00:02.587,00:03:21.741,2023-03-25T17:11:11.958Z
079,Split #79,00:00:02.847,00:03:24.588,2023-03-25T17:11:14.805Z
080,Split #80,00:00:02.610,00:03:27.198,2023-03-25T17:11:17.415Z
081,Split #81,00:00:02.409,00:03:29.607,2023-03-25T17:11:19.824Z
082,Split #82,00:00:02.599,00:03:32.206,2023-03-25T17:11:22.423Z
083,Split #83,00:00:03.170,00:03:35.376,2023-03-25T17:11:25.593Z
084,Split #84,00:00:02.679,00:03:38.055,2023-03-25T17:11:28.272Z
085,Split #85,00:00:02.677,00:03:40.732,2023-03-25T17:11:30.949Z
086,Split #86,00:00:02.542,00:03:43.274,2023-03-25T17:11:33.491Z
087,Split #87,00:00:02.386,00:03:45.660,2023-03-25T17:11:35.877Z
088,Split #88,00:00:02.339,00:03:47.999,2023-03-25T17:11:38.216Z
089,Split #89,00:00:02.408,00:03:50.407,2023-03-25T17:11:40.624Z
090,Split #90,00:00:02.474,00:03:52.881,2023-03-25T17:11:43.098Z
091,Split #91,00:00:02.432,00:03:55.313,2023-03-25T17:11:45.530Z
092,Split #92,00:00:02.701,00:03:58.014,2023-03-25T17:11:48.231Z
093,Split #93,00:00:02.700,00:04:00.714,2023-03-25T17:11:50.931Z
094,Split #94,00:00:02.720,00:04:03.434,2023-03-25T17:11:53.651Z
095,Split #95,00:00:02.722,00:04:06.156,2023-03-25T17:11:56.373Z
096,Split #96,00:00:02.701,00:04:08.857,2023-03-25T17:11:59.074Z
097,Split #97,00:00:02.657,00:04:11.514,2023-03-25T17:12:01.731Z
098,Split #98,00:00:02.585,00:04:14.099,2023-03-25T17:12:04.316Z
099,Split #99,00:00:02.655,00:04:16.754,2023-03-25T17:12:06.971Z
100,Split #100,00:00:02.610,00:04:19.364,2023-03-25T17:12:09.581Z
101,Split #101,00:00:02.633,00:04:21.997,2023-03-25T17:12:12.214Z
102,Split #102,00:00:02.565,00:04:24.562,2023-03-25T17:12:14.779Z
103,Split #103,00:00:02.767,00:04:27.329,2023-03-25T17:12:17.546Z
104,Split #104,00:00:02.790,00:04:30.119,2023-03-25T17:12:20.336Z
105,Split #105,00:00:02.677,00:04:32.796,2023-03-25T17:12:23.013Z
106,Split #106,00:00:02.700,00:04:35.496,2023-03-25T17:12:25.713Z
107,Split #107,00:00:02.791,00:04:38.287,2023-03-25T17:12:28.504Z
108,Split #108,00:00:02.824,00:04:41.111,2023-03-25T17:12:31.328Z
109,Split #109,00:00:02.901,00:04:44.012,2023-03-25T17:12:34.229Z
110,Split #110,00:00:02.792,00:04:46.804,2023-03-25T17:12:37.021Z
111,Split #111,00:00:02.767,00:04:49.571,2023-03-25T17:12:39.788Z
112,Split #112,00:00:02.835,00:04:52.406,2023-03-25T17:12:42.623Z
113,Split #113,00:00:02.859,00:04:55.265,2023-03-25T17:12:45.482Z
114,Split #114,00:00:02.768,00:04:58.033,2023-03-25T17:12:48.250Z
115,Split #115,00:00:02.981,00:05:01.014,2023-03-25T17:12:51.231Z
116,Split #116,00:00:02.787,00:05:03.801,2023-03-25T17:12:54.018Z
117,Split #117,00:00:02.791,00:05:06.592,2023-03-25T17:12:56.809Z
118,Split #118,00:00:02.678,00:05:09.270,2023-03-25T17:12:59.487Z
119,Split #119,00:00:02.880,00:05:12.150,2023-03-25T17:13:02.367Z
120,Split #120,00:00:02.856,00:05:15.006,2023-03-25T17:13:05.223Z
121,Split #121,00:00:02.836,00:05:17.842,2023-03-25T17:13:08.059Z
122,Split #122,00:00:03.015,00:05:20.857,2023-03-25T17:13:11.074Z
123,Split #123,00:00:02.949,00:05:23.806,2023-03-25T17:13:14.023Z
124,Split #124,00:00:03.083,00:05:26.889,2023-03-25T17:13:17.106Z
125,Split #125,00:00:02.652,00:05:29.541,2023-03-25T17:13:19.758Z
126,Split #126,00:00:02.409,00:05:31.950,2023-03-25T17:13:22.167Z
127,Split #127,00:00:02.543,00:05:34.493,2023-03-25T17:13:24.710Z
128,Split #128,00:00:03.195,00:05:37.688,2023-03-25T17:13:27.905Z
129,Split #129,00:00:02.811,00:05:40.499,2023-03-25T17:13:30.716Z
130,Split #130,00:00:03.037,00:05:43.536,2023-03-25T17:13:33.753Z
131,Split #131,00:00:02.971,00:05:46.507,2023-03-25T17:13:36.724Z
132,Split #132,00:00:03.059,00:05:49.566,2023-03-25T17:13:39.783Z
133,Split #133,00:00:03.198,00:05:52.764,2023-03-25T17:13:42.981Z
134,Split #134,00:00:03.285,00:05:56.049,2023-03-25T17:13:46.266Z
135,Split #135,00:00:04.567,00:06:00.616,2023-03-25T17:13:50.833Z
136,Split #136,00:00:03.013,00:06:03.629,2023-03-25T17:13:53.846Z
137,Split #137,00:00:02.701,00:06:06.330,2023-03-25T17:13:56.547Z
138,Split #138,00:00:02.837,00:06:09.167,2023-03-25T17:13:59.384Z
139,Split #139,00:00:02.969,00:06:12.136,2023-03-25T17:14:02.353Z
140,Split #140,00:00:03.048,00:06:15.184,2023-03-25T17:14:05.401Z
141,Split #141,00:00:02.745,00:06:17.929,2023-03-25T17:14:08.146Z
142,Split #142,00:00:02.879,00:06:20.808,2023-03-25T17:14:11.025Z
143,Split #143,00:00:02.700,00:06:23.508,2023-03-25T17:14:13.725Z
144,Split #144,00:00:02.678,00:06:26.186,2023-03-25T17:14:16.403Z
145,Split #145,00:00:02.768,00:06:28.954,2023-03-25T17:14:19.171Z
146,Split #146,00:00:02.565,00:06:31.519,2023-03-25T17:14:21.736Z
147,Split #147,00:00:03.015,00:06:34.534,2023-03-25T17:14:24.751Z
148,Split #148,00:00:02.544,00:06:37.078,2023-03-25T17:14:27.295Z
149,Split #149,00:00:02.766,00:06:39.844,2023-03-25T17:14:30.061Z
150,Split #150,00:00:02.969,00:06:42.813,2023-03-25T17:14:33.030Z
151,Split #151,00:00:02.858,00:06:45.671,2023-03-25T17:14:35.888Z
152,Split #152,00:00:02.453,00:06:48.124,2023-03-25T17:14:38.341Z
153,Split #153,00:00:02.498,00:06:50.622,2023-03-25T17:14:40.839Z
154,Split #154,00:00:02.678,00:06:53.300,2023-03-25T17:14:43.517Z
155,Split #155,00:00:02.429,00:06:55.729,2023-03-25T17:14:45.946Z
156,Split #156,00:00:02.339,00:06:58.068,2023-03-25T17:14:48.285Z
157,Split #157,00:00:02.318,00:07:00.386,2023-03-25T17:14:50.603Z
158,Split #158,00:00:02.183,00:07:02.569,2023-03-25T17:14:52.786Z
159,Split #159,00:00:02.384,00:07:04.953,2023-03-25T17:14:55.170Z
160,Split #160,00:00:02.184,00:07:07.137,2023-03-25T17:14:57.354Z
161,Split #161,00:00:02.184,00:07:09.321,2023-03-25T17:14:59.538Z
162,Split #162,00:00:02.248,00:07:11.569,2023-03-25T17:15:01.786Z
163,Split #163,00:00:02.353,00:07:13.922,2023-03-25T17:15:04.139Z
164,Split #164,00:00:02.361,00:07:16.283,2023-03-25T17:15:06.500Z
165,Split #165,00:00:02.341,00:07:18.624,2023-03-25T17:15:08.841Z
166,Split #166,00:00:02.135,00:07:20.759,2023-03-25T17:15:10.976Z
167,Split #167,00:00:02.250,00:07:23.009,2023-03-25T17:15:13.226Z
168,Split #168,00:00:02.298,00:07:25.307,2023-03-25T17:15:15.524Z
169,Split #169,00:00:02.251,00:07:27.558,2023-03-25T17:15:17.775Z
170,Split #170,00:00:02.337,00:07:29.895,2023-03-25T17:15:20.112Z
171,Split #171,00:00:02.365,00:07:32.260,2023-03-25T17:15:22.477Z
172,Split #172,00:00:02.384,00:07:34.644,2023-03-25T17:15:24.861Z
173,Split #173,00:00:02.362,00:07:37.006,2023-03-25T17:15:27.223Z
174,Split #174,00:00:02.407,00:07:39.413,2023-03-25T17:15:29.630Z
175,Split #175,00:00:02.407,00:07:41.820,2023-03-25T17:15:32.037Z
176,Split #176,00:00:02.429,00:07:44.249,2023-03-25T17:15:34.466Z
177,Split #177,00:00:02.521,00:07:46.770,2023-03-25T17:15:36.987Z
178,Split #178,00:00:02.903,00:07:49.673,2023-03-25T17:15:39.890Z
179,Split #179,00:00:02.946,00:07:52.619,2023-03-25T17:15:42.836Z
180,Split #180,00:00:02.633,00:07:55.252,2023-03-25T17:15:45.469Z
181,Split #181,00:00:02.767,00:07:58.019,2023-03-25T17:15:48.236Z
182,Split #182,00:00:02.701,00:08:00.720,2023-03-25T17:15:50.937Z
183,Split #183,00:00:02.655,00:08:03.375,2023-03-25T17:15:53.592Z
184,Split #184,00:00:02.363,00:08:05.738,2023-03-25T17:15:55.955Z
185,Split #185,00:00:00.382,00:08:06.120,2023-03-25T17:15:56.337Z
186,Split #186,00:00:03.061,00:08:09.181,2023-03-25T17:15:59.398Z
187,Split #187,00:00:02.767,00:08:11.948,2023-03-25T17:16:02.165Z
188,Split #188,00:00:03.691,00:08:15.639,2023-03-25T17:16:05.856Z
189,Split #189,00:00:02.983,00:08:18.622,2023-03-25T17:16:08.839Z
190,Split #190,00:00:02.753,00:08:21.375,2023-03-25T17:16:11.592Z
191,Split #191,00:00:02.748,00:08:24.123,2023-03-25T17:16:14.340Z
192,Split #192,00:00:03.170,00:08:27.293,2023-03-25T17:16:17.510Z
193,Split #193,00:00:03.151,00:08:30.444,2023-03-25T17:16:20.661Z
194,Split #194,00:00:02.924,00:08:33.368,2023-03-25T17:16:23.585Z
195,Split #195,00:00:02.792,00:08:36.160,2023-03-25T17:16:26.377Z
196,Split #196,00:00:02.844,00:08:39.004,2023-03-25T17:16:29.221Z
197,Split #197,00:00:02.791,00:08:41.795,2023-03-25T17:16:32.012Z
198,Split #198,00:00:02.788,00:08:44.583,2023-03-25T17:16:34.800Z
199,Split #199,00:00:02.723,00:08:47.306,2023-03-25T17:16:37.523Z
200,Split #200,00:00:02.793,00:08:50.099,2023-03-25T17:16:40.316Z
201,Split #201,00:00:02.699,00:08:52.798,2023-03-25T17:16:43.015Z
202,Split #202,00:00:02.765,00:08:55.563,2023-03-25T17:16:45.780Z
203,Split #203,00:00:02.973,00:08:58.536,2023-03-25T17:16:48.753Z
204,Split #204,00:00:03.399,00:09:01.935,2023-03-25T17:16:52.152Z
205,Split #205,00:00:02.810,00:09:04.745,2023-03-25T17:16:54.962Z
206,Split #206,00:00:02.699,00:09:07.444,2023-03-25T17:16:57.661Z
207,Split #207,00:00:02.812,00:09:10.256,2023-03-25T17:17:00.473Z
208,Split #208,00:00:02.768,00:09:13.024,2023-03-25T17:17:03.241Z
209,Split #209,00:00:03.084,00:09:16.108,2023-03-25T17:17:06.325Z
210,Split #210,00:00:02.868,00:09:18.976,2023-03-25T17:17:09.193Z
211,Split #211,00:00:03.308,00:09:22.284,2023-03-25T17:17:12.501Z
212,Split #212,00:00:04.410,00:09:26.694,2023-03-25T17:17:16.911Z
213,Split #213,00:00:03.059,00:09:29.753,2023-03-25T17:17:19.970Z
214,Split #214,00:00:03.195,00:09:32.948,2023-03-25T17:17:23.165Z
215,Split #215,00:00:02.995,00:09:35.943,2023-03-25T17:17:26.160Z
216,Split #216,00:00:02.945,00:09:38.888,2023-03-25T17:17:29.105Z
217,Split #217,00:00:03.116,00:09:42.004,2023-03-25T17:17:32.221Z
218,Split #218,00:00:02.870,00:09:44.874,2023-03-25T17:17:35.091Z
219,Split #219,00:00:03.261,00:09:48.135,2023-03-25T17:17:38.352Z
220,Split #220,00:00:02.859,00:09:50.994,2023-03-25T17:17:41.211Z
221,Split #221,00:00:02.488,00:09:53.482,2023-03-25T17:17:43.699Z
222,Split #222,00:00:02.539,00:09:56.021,2023-03-25T17:17:46.238Z
223,Split #223,00:00:02.544,00:09:58.565,2023-03-25T17:17:48.782Z
224,Split #224,00:00:02.362,00:10:00.927,2023-03-25T17:17:51.144Z
225,Split #225,00:00:02.409,00:10:03.336,2023-03-25T17:17:53.553Z
226,Split #226,00:00:02.429,00:10:05.765,2023-03-25T17:17:55.982Z
227,Split #227,00:00:02.475,00:10:08.240,2023-03-25T17:17:58.457Z
228,Split #228,00:00:02.519,00:10:10.759,2023-03-25T17:18:00.976Z
229,Split #229,00:00:02.341,00:10:13.100,2023-03-25T17:18:03.317Z
230,Split #230,00:00:02.475,00:10:15.575,2023-03-25T17:18:05.792Z
231,Split #231,00:00:02.634,00:10:18.209,2023-03-25T17:18:08.426Z
232,Split #232,00:00:03.083,00:10:21.292,2023-03-25T17:18:11.509Z
233,Split #233,00:00:02.719,00:10:24.011,2023-03-25T17:18:14.228Z
234,Split #234,00:00:02.634,00:10:26.645,2023-03-25T17:18:16.862Z
235,Split #235,00:00:02.654,00:10:29.299,2023-03-25T17:18:19.516Z
236,Split #236,00:00:02.768,00:10:32.067,2023-03-25T17:18:22.284Z
237,Split #237,00:00:02.723,00:10:34.790,2023-03-25T17:18:25.007Z
238,Split #238,00:00:02.677,00:10:37.467,2023-03-25T17:18:27.684Z
239,Split #239,00:00:02.858,00:10:40.325,2023-03-25T17:18:30.542Z
240,Split #240,00:00:02.700,00:10:43.025,2023-03-25T17:18:33.242Z
241,Split #241,00:00:02.543,00:10:45.568,2023-03-25T17:18:35.785Z
242,Split #242,00:00:02.609,00:10:48.177,2023-03-25T17:18:38.394Z
243,Split #243,00:00:02.522,00:10:50.699,2023-03-25T17:18:40.916Z
244,Split #244,00:00:02.361,00:10:53.060,2023-03-25T17:18:43.277Z
245,Split #245,00:00:02.859,00:10:55.919,2023-03-25T17:18:46.136Z
246,Split #246,00:00:02.653,00:10:58.572,2023-03-25T17:18:48.789Z
247,Split #247,00:00:02.566,00:11:01.138,2023-03-25T17:18:51.355Z
248,Split #248,00:00:02.567,00:11:03.705,2023-03-25T17:18:53.922Z
249,Split #249,00:00:02.495,00:11:06.200,2023-03-25T17:18:56.417Z
250,Split #250,00:00:02.508,00:11:08.708,2023-03-25T17:18:58.925Z
251,Split #251,00:00:02.633,00:11:11.341,2023-03-25T17:19:01.558Z
252,Split #252,00:00:03.172,00:11:14.513,2023-03-25T17:19:04.730Z
253,Split #253,00:00:03.005,00:11:17.518,2023-03-25T17:19:07.735Z
254,Split #254,00:00:02.969,00:11:20.487,2023-03-25T17:19:10.704Z
255,Split #255,00:00:02.768,00:11:23.255,2023-03-25T17:19:13.472Z
256,Split #256,00:00:02.903,00:11:26.158,2023-03-25T17:19:16.375Z
257,Split #257,00:00:03.239,00:11:29.397,2023-03-25T17:19:19.614Z
258,Split #258,00:00:03.105,00:11:32.502,2023-03-25T17:19:22.719Z
259,Split #259,00:00:04.433,00:11:36.935,2023-03-25T17:19:27.152Z
260,Split #260,00:00:19.311,00:11:56.246,2023-03-25T17:19:46.463Z
261,Pause #1,---,---,2023-03-25T17:19:46.463Z