#,Label,Interval,Total,Time Recorded
000,Start #1,---,---,2023-04-03T18:54:11.216Z
001,Split #1,00:00:04.508,00:00:04.508,2023-04-03T18:54:15.724Z
002,Split #2,00:00:02.267,00:00:06.775,2023-04-03T18:54:17.991Z
003,Split #3,00:00:03.426,00:00:10.201,2023-04-03T18:54:21.417Z
004,Split #4,00:00:03.467,00:00:13.668,2023-04-03T18:54:24.884Z
005,Split #5,00:00:03.688,00:00:17.356,2023-04-03T18:54:28.572Z
006,Split #6,00:00:03.397,00:00:20.753,2023-04-03T18:54:31.969Z
007,Split #7,00:00:03.667,00:00:24.420,2023-04-03T18:54:35.636Z
008,Split #8,00:00:03.420,00:00:27.840,2023-04-03T18:54:39.056Z
009,Split #9,00:00:04.343,00:00:32.183,2023-04-03T18:54:43.399Z
010,Split #10,00:00:03.983,00:00:36.166,2023-04-03T18:54:47.382Z
011,Split #11,00:00:04.072,00:00:40.238,2023-04-03T18:54:51.454Z
012,Split #12,00:00:03.532,00:00:43.770,2023-04-03T18:54:54.986Z
013,Split #13,00:00:04.005,00:00:47.775,2023-04-03T18:54:58.991Z
014,Split #14,00:00:04.253,00:00:52.028,2023-04-03T18:55:03.244Z
015,Split #15,00:00:03.848,00:00:55.876,2023-04-03T18:55:07.092Z
016,Split #16,00:00:03.813,00:00:59.689,2023-04-03T18:55:10.905Z
017,Split #17,00:00:04.928,00:01:04.617,2023-04-03T18:55:15.833Z
018,Split #18,00:00:03.712,00:01:08.329,2023-04-03T18:55:19.545Z
019,Split #19,00:00:03.218,00:01:11.547,2023-04-03T18:55:22.763Z
020,Split #20,00:00:03.600,00:01:15.147,2023-04-03T18:55:26.363Z
021,Split #21,00:00:03.240,00:01:18.387,2023-04-03T18:55:29.603Z
022,Split #22,00:00:03.633,00:01:22.020,2023-04-03T18:55:33.236Z
023,Split #23,00:00:03.330,00:01:25.350,2023-04-03T18:55:36.566Z
024,Split #24,00:00:03.375,00:01:28.725,2023-04-03T18:55:39.941Z
025,Split #25,00:00:04.772,00:01:33.497,2023-04-03T18:55:44.713Z
026,Split #26,00:00:03.802,00:01:37.299,2023-04-03T18:55:48.515Z
027,Split #27,00:00:03.397,00:01:40.696,2023-04-03T18:55:51.912Z
028,Split #28,00:00:03.330,00:01:44.026,2023-04-03T18:55:55.242Z
029,Split #29,00:00:03.351,00:01:47.377,2023-04-03T18:55:58.593Z
030,Split #30,00:00:03.286,00:01:50.663,2023-04-03T18:56:01.879Z
031,Split #31,00:00:03.015,00:01:53.678,2023-04-03T18:56:04.894Z
032,Split #32,00:00:03.308,00:01:56.986,2023-04-03T18:56:08.202Z
033,Split #33,00:00:03.623,00:02:00.609,2023-04-03T18:56:11.825Z
034,Split #34,00:00:03.781,00:02:04.390,2023-04-03T18:56:15.606Z
035,Split #35,00:00:03.418,00:02:07.808,2023-04-03T18:56:19.024Z
036,Split #36,00:00:03.352,00:02:11.160,2023-04-03T18:56:22.376Z
037,Split #37,00:00:03.465,00:02:14.625,2023-04-03T18:56:25.841Z
038,Split #38,00:00:03.376,00:02:18.001,2023-04-03T18:56:29.217Z
039,Split #39,00:00:03.228,00:02:21.229,2023-04-03T18:56:32.445Z
040,Split #40,00:00:03.465,00:02:24.694,2023-04-03T18:56:35.910Z
041,Split #41,00:00:03.015,00:02:27.709,2023-04-03T18:56:38.925Z
042,Split #42,00:00:03.422,00:02:31.131,2023-04-03T18:56:42.347Z
043,Split #43,00:00:04.205,00:02:35.336,2023-04-03T18:56:46.552Z
044,Split #44,00:00:03.265,00:02:38.601,2023-04-03T18:56:49.817Z
045,Split #45,00:00:03.395,00:02:41.996,2023-04-03T18:56:53.212Z
046,Split #46,00:00:03.397,00:02:45.393,2023-04-03T18:56:56.609Z
047,Split #47,00:00:03.331,00:02:48.724,2023-04-03T18:56:59.940Z
048,Split #48,00:00:02.858,00:02:51.582,2023-04-03T18:57:02.798Z
049,Split #49,00:00:03.489,00:02:55.071,2023-04-03T18:57:06.287Z
050,Split #50,00:00:03.914,00:02:58.985,2023-04-03T18:57:10.201Z
051,Split #51,00:00:03.283,00:03:02.268,2023-04-03T18:57:13.484Z
052,Split #52,00:00:03.263,00:03:05.531,2023-04-03T18:57:16.747Z
053,Split #53,00:00:03.310,00:03:08.841,2023-04-03T18:57:20.057Z
054,Split #54,00:00:03.463,00:03:12.304,2023-04-03T18:57:23.520Z
055,Split #55,00:00:03.487,00:03:15.791,2023-04-03T18:57:27.007Z
056,Split #56,00:00:03.150,00:03:18.941,2023-04-03T18:57:30.157Z
057,Split #57,00:00:03.263,00:03:22.204,2023-04-03T18:57:33.420Z
058,Split #58,00:00:02.859,00:03:25.063,2023-04-03T18:57:36.279Z
059,Split #59,00:00:02.811,00:03:27.874,2023-04-03T18:57:39.090Z
060,Split #60,00:00:02.813,00:03:30.687,2023-04-03T18:57:41.903Z
061,Split #61,00:00:02.856,00:03:33.543,2023-04-03T18:57:44.759Z
062,Split #62,00:00:03.376,00:03:36.919,2023-04-03T18:57:48.135Z
063,Split #63,00:00:02.903,00:03:39.822,2023-04-03T18:57:51.038Z
064,Split #64,00:00:03.014,00:03:42.836,2023-04-03T18:57:54.052Z
065,Split #65,00:00:02.791,00:03:45.627,2023-04-03T18:57:56.843Z
066,Split #66,00:00:02.767,00:03:48.394,2023-04-03T18:57:59.610Z
067,Split #67,00:00:02.677,00:03:51.071,2023-04-03T18:58:02.287Z
068,Split #68,00:00:02.858,00:03:53.929,2023-04-03T18:58:05.145Z
069,Split #69,00:00:02.564,00:03:56.493,2023-04-03T18:58:07.709Z
070,Split #70,00:00:02.723,00:03:59.216,2023-04-03T18:58:10.432Z
071,Split #71,00:00:02.632,00:04:01.848,2023-04-03T18:58:13.064Z
072,Split #72,00:00:02.700,00:04:04.548,2023-04-03T18:58:15.764Z
073,Split #73,00:00:02.565,00:04:07.113,2023-04-03T18:58:18.329Z
074,Split #74,00:00:02.723,00:04:09.836,2023-04-03T18:58:21.052Z
075,Split #75,00:00:02.948,00:04:12.784,2023-04-03T18:58:24.000Z
076,Split #76,00:00:03.127,00:04:15.911,2023-04-03T18:58:27.127Z
077,Split #77,00:00:02.700,00:04:18.611,2023-04-03T18:58:29.827Z
078,Split #78,00:00:04.053,00:04:22.664,2023-04-03T18:58:33.880Z
079,Split #79,00:00:03.619,00:04:26.283,2023-04-03T18:58:37.499Z
080,Split #80,00:00:03.285,00:04:29.568,2023-04-03T18:58:40.784Z
081,Split #81,00:00:03.871,00:04:33.439,2023-04-03T18:58:44.655Z
082,Split #82,00:00:04.410,00:04:37.849,2023-04-03T18:58:49.065Z
083,Split #83,00:00:04.005,00:04:41.854,2023-04-03T18:58:53.070Z
084,Split #84,00:00:03.757,00:04:45.611,2023-04-03T18:58:56.827Z
085,Split #85,00:00:04.230,00:04:49.841,2023-04-03T18:59:01.057Z
086,Split #86,00:00:03.692,00:04:53.533,2023-04-03T18:59:04.749Z
087,Split #87,00:00:03.013,00:04:56.546,2023-04-03T18:59:07.762Z
088,Split #88,00:00:03.488,00:05:00.034,2023-04-03T18:59:11.250Z
089,Split #89,00:00:03.329,00:05:03.363,2023-04-03T18:59:14.579Z
090,Split #90,00:00:03.422,00:05:06.785,2023-04-03T18:59:18.001Z
091,Split #91,00:00:03.240,00:05:10.025,2023-04-03T18:59:21.241Z
092,Split #92,00:00:03.553,00:05:13.578,2023-04-03T18:59:24.794Z
093,Split #93,00:00:03.150,00:05:16.728,2023-04-03T18:59:27.944Z
094,Split #94,00:00:03.826,00:05:20.554,2023-04-03T18:59:31.770Z
095,Split #95,00:00:03.296,00:05:23.850,2023-04-03T18:59:35.066Z
096,Split #96,00:00:03.195,00:05:27.045,2023-04-03T18:59:38.261Z
097,Split #97,00:00:03.464,00:05:30.509,2023-04-03T18:59:41.725Z
098,Split #98,00:00:03.691,00:05:34.200,2023-04-03T18:59:45.416Z
099,Split #99,00:00:03.422,00:05:37.622,2023-04-03T18:59:48.838Z
100,Split #100,00:00:03.507,00:05:41.129,2023-04-03T18:59:52.345Z
101,Split #101,00:00:03.331,00:05:44.460,2023-04-03T18:59:55.676Z
102,Split #102,00:00:03.376,00:05:47.836,2023-04-03T18:59:59.052Z
103,Split #103,00:00:03.305,00:05:51.141,2023-04-03T19:00:02.357Z
104,Split #104,00:00:03.241,00:05:54.382,2023-04-03T19:00:05.598Z
105,Split #105,00:00:03.466,00:05:57.848,2023-04-03T19:00:09.064Z
106,Split #106,00:00:03.666,00:06:01.514,2023-04-03T19:00:12.730Z
107,Split #107,00:00:03.309,00:06:04.823,2023-04-03T19:00:16.039Z
108,Split #108,00:00:03.396,00:06:08.219,2023-04-03T19:00:19.435Z
109,Split #109,00:00:03.544,00:06:11.763,2023-04-03T19:00:22.979Z
110,Split #110,00:00:03.667,00:06:15.430,2023-04-03T19:00:26.646Z
111,Split #111,00:00:03.197,00:06:18.627,2023-04-03T19:00:29.843Z
112,Split #112,00:00:03.148,00:06:21.775,2023-04-03T19:00:32.991Z
113,Split #113,00:00:03.840,00:06:25.615,2023-04-03T19:00:36.831Z
114,Split #114,00:00:03.979,00:06:29.594,2023-04-03T19:00:40.810Z
115,Split #115,00:00:03.421,00:06:33.015,2023-04-03T19:00:44.231Z
116,Split #116,00:00:03.150,00:06:36.165,2023-04-03T19:00:47.381Z
117,Split #117,00:00:03.689,00:06:39.854,2023-04-03T19:00:51.070Z
118,Split #118,00:00:04.252,00:06:44.106,2023-04-03T19:00:55.322Z
119,Split #119,00:00:03.533,00:06:47.639,2023-04-03T19:00:58.855Z
120,Split #120,00:00:03.467,00:06:51.106,2023-04-03T19:01:02.322Z
121,Split #121,00:00:04.375,00:06:55.481,2023-04-03T19:01:06.697Z
122,Split #122,00:00:03.963,00:06:59.444,2023-04-03T19:01:10.660Z
123,Split #123,00:00:03.468,00:07:02.912,2023-04-03T19:01:14.128Z
124,Split #124,00:00:03.547,00:07:06.459,2023-04-03T19:01:17.675Z
125,Split #125,00:00:02.815,00:07:09.274,2023-04-03T19:01:20.490Z
126,Split #126,00:00:02.861,00:07:12.135,2023-04-03T19:01:23.351Z
127,Split #127,00:00:03.870,00:07:16.005,2023-04-03T19:01:27.221Z
128,Split #128,00:00:04.344,00:07:20.349,2023-04-03T19:01:31.565Z
129,Split #129,00:00:03.488,00:07:23.837,2023-04-03T19:01:35.053Z
130,Split #130,00:00:03.984,00:07:27.821,2023-04-03T19:01:39.037Z
131,Split #131,00:00:04.433,00:07:32.254,2023-04-03T19:01:43.470Z
132,Split #132,00:00:04.660,00:07:36.914,2023-04-03T19:01:48.130Z
133,Split #133,00:00:03.891,00:07:40.805,2023-04-03T19:01:52.021Z
134,Split #134,00:00:04.613,00:07:45.418,2023-04-03T19:01:56.634Z
135,Split #135,00:00:04.995,00:07:50.413,2023-04-03T19:02:01.629Z
136,Split #136,00:00:03.533,00:07:53.946,2023-04-03T19:02:05.162Z
137,Split #137,00:00:03.600,00:07:57.546,2023-04-03T19:02:08.762Z
138,Split #138,00:00:03.646,00:08:01.192,2023-04-03T19:02:12.408Z
139,Split #139,00:00:03.734,00:08:04.926,2023-04-03T19:02:16.142Z
140,Split #140,00:00:03.218,00:08:08.144,2023-04-03T19:02:19.360Z
141,Split #141,00:00:03.240,00:08:11.384,2023-04-03T19:02:22.600Z
142,Split #142,00:00:03.377,00:08:14.761,2023-04-03T19:02:25.977Z
143,Split #143,00:00:03.464,00:08:18.225,2023-04-03T19:02:29.441Z
144,Split #144,00:00:03.039,00:08:21.264,2023-04-03T19:02:32.480Z
145,Split #145,00:00:03.169,00:08:24.433,2023-04-03T19:02:35.649Z
146,Split #146,00:00:03.151,00:08:27.584,2023-04-03T19:02:38.800Z
147,Split #147,00:00:03.600,00:08:31.184,2023-04-03T19:02:42.400Z
148,Split #148,00:00:03.206,00:08:34.390,2023-04-03T19:02:45.606Z
149,Split #149,00:00:03.150,00:08:37.540,2023-04-03T19:02:48.756Z
150,Split #150,00:00:04.230,00:08:41.770,2023-04-03T19:02:52.986Z
151,Split #151,00:00:03.061,00:08:44.831,2023-04-03T19:02:56.047Z
152,Split #152,00:00:03.420,00:08:48.251,2023-04-03T19:02:59.467Z
153,Split #153,00:00:03.421,00:08:51.672,2023-04-03T19:03:02.888Z
154,Split #154,00:00:03.600,00:08:55.272,2023-04-03T19:03:06.488Z
155,Split #155,00:00:03.328,00:08:58.600,2023-04-03T19:03:09.816Z
156,Split #156,00:00:03.579,00:09:02.179,2023-04-03T19:03:13.395Z
157,Split #157,00:00:03.308,00:09:05.487,2023-04-03T19:03:16.703Z
158,Split #158,00:00:03.104,00:09:08.591,2023-04-03T19:03:19.807Z
159,Split #159,00:00:03.532,00:09:12.123,2023-04-03T19:03:23.339Z
160,Split #160,00:00:03.129,00:09:15.252,2023-04-03T19:03:26.468Z
161,Split #161,00:00:03.060,00:09:18.312,2023-04-03T19:03:29.528Z
162,Split #162,00:00:02.969,00:09:21.281,2023-04-03T19:03:32.497Z
163,Split #163,00:00:03.735,00:09:25.016,2023-04-03T19:03:36.232Z
164,Split #164,00:00:03.601,00:09:28.617,2023-04-03T19:03:39.833Z
165,Split #165,00:00:03.644,00:09:32.261,2023-04-03T19:03:43.477Z
166,Split #166,00:00:03.668,00:09:35.929,2023-04-03T19:03:47.145Z
167,Split #167,00:00:03.377,00:09:39.306,2023-04-03T19:03:50.522Z
168,Split #168,00:00:03.553,00:09:42.859,2023-04-03T19:03:54.075Z
169,Split #169,00:00:03.037,00:09:45.896,2023-04-03T19:03:57.112Z
170,Split #170,00:00:03.285,00:09:49.181,2023-04-03T19:04:00.397Z
171,Split #171,00:00:03.870,00:09:53.051,2023-04-03T19:04:04.267Z
172,Split #172,00:00:03.510,00:09:56.561,2023-04-03T19:04:07.777Z
173,Split #173,00:00:03.265,00:09:59.826,2023-04-03T19:04:11.042Z
174,Split #174,00:00:03.351,00:10:03.177,2023-04-03T19:04:14.393Z
175,Split #175,00:00:03.329,00:10:06.506,2023-04-03T19:04:17.722Z
176,Split #176,00:00:03.713,00:10:10.219,2023-04-03T19:04:21.435Z
177,Split #177,00:00:03.803,00:10:14.022,2023-04-03T19:04:25.238Z
178,Split #178,00:00:04.185,00:10:18.207,2023-04-03T19:04:29.423Z
179,Split #179,00:00:04.184,00:10:22.391,2023-04-03T19:04:33.607Z
180,Split #180,00:00:03.060,00:10:25.451,2023-04-03T19:04:36.667Z
181,Split #181,00:00:03.128,00:10:28.579,2023-04-03T19:04:39.795Z
182,Split #182,00:00:03.534,00:10:32.113,2023-04-03T19:04:43.329Z
183,Split #183,00:00:04.140,00:10:36.253,2023-04-03T19:04:47.469Z
184,Split #184,00:00:03.509,00:10:39.762,2023-04-03T19:04:50.978Z
185,Split #185,00:00:04.117,00:10:43.879,2023-04-03T19:04:55.095Z
186,Split #186,00:00:03.870,00:10:47.749,2023-04-03T19:04:58.965Z
187,Split #187,00:00:04.545,00:10:52.294,2023-04-03T19:05:03.510Z
188,Split #188,00:00:03.600,00:10:55.894,2023-04-03T19:05:07.110Z
189,Split #189,00:00:03.713,00:10:59.607,2023-04-03T19:05:10.823Z
190,Split #190,00:00:03.375,00:11:02.982,2023-04-03T19:05:14.198Z
191,Split #191,00:00:03.848,00:11:06.830,2023-04-03T19:05:18.046Z
192,Split #192,00:00:03.847,00:11:10.677,2023-04-03T19:05:21.893Z
193,Split #193,00:00:03.927,00:11:14.604,2023-04-03T19:05:25.820Z
194,Split #194,00:00:03.399,00:11:18.003,2023-04-03T19:05:29.219Z
195,Split #195,00:00:03.486,00:11:21.489,2023-04-03T19:05:32.705Z
196,Split #196,00:00:03.668,00:11:25.157,2023-04-03T19:05:36.373Z
197,Split #197,00:00:03.781,00:11:28.938,2023-04-03T19:05:40.154Z
198,Split #198,00:00:04.118,00:11:33.056,2023-04-03T19:05:44.272Z
199,Split #199,00:00:04.025,00:11:37.081,2023-04-03T19:05:48.297Z
200,Split #200,00:00:03.667,00:11:40.748,2023-04-03T19:05:51.964Z
201,Split #201,00:00:04.186,00:11:44.934,2023-04-03T19:05:56.150Z
202,Split #202,00:00:03.825,00:11:48.759,2023-04-03T19:05:59.975Z
203,Split #203,00:00:04.815,00:11:53.574,2023-04-03T19:06:04.790Z
204,Split #204,00:00:03.397,00:11:56.971,2023-04-03T19:06:08.187Z
205,Split #205,00:00:03.556,00:12:00.527,2023-04-03T19:06:11.743Z
206,Split #206,00:00:03.847,00:12:04.374,2023-04-03T19:06:15.590Z
207,Split #207,00:00:03.600,00:12:07.974,2023-04-03T19:06:19.190Z
208,Split #208,00:00:03.510,00:12:11.484,2023-04-03T19:06:22.700Z
209,Split #209,00:00:03.782,00:12:15.266,2023-04-03T19:06:26.482Z
210,Split #210,00:00:04.746,00:12:20.012,2023-04-03T19:06:31.228Z
211,Split #211,00:00:05.062,00:12:25.074,2023-04-03T19:06:36.290Z
212,Split #212,00:00:04.974,00:12:30.048,2023-04-03T19:06:41.264Z
213,Split #213,00:00:04.611,00:12:34.659,2023-04-03T19:06:45.875Z
214,Split #214,00:00:04.298,00:12:38.957,2023-04-03T19:06:50.173Z
215,Split #215,00:00:04.365,00:12:43.322,2023-04-03T19:06:54.538Z
216,Split #216,00:00:04.703,00:12:48.025,2023-04-03T19:06:59.241Z
217,Split #217,00:00:04.229,00:12:52.254,2023-04-03T19:07:03.470Z
218,Split #218,00:00:05.065,00:12:57.319,2023-04-03T19:07:08.535Z
219,Split #219,00:00:03.936,00:13:01.255,2023-04-03T19:07:12.471Z
220,Split #220,00:00:03.532,00:13:04.787,2023-04-03T19:07:16.003Z
221,Split #221,00:00:03.263,00:13:08.050,2023-04-03T19:07:19.266Z
222,Split #222,00:00:04.117,00:13:12.167,2023-04-03T19:07:23.383Z
223,Split #223,00:00:03.871,00:13:16.038,2023-04-03T19:07:27.254Z
224,Split #224,00:00:04.074,00:13:20.112,2023-04-03T19:07:31.328Z
225,Split #225,00:00:04.250,00:13:24.362,2023-04-03T19:07:35.578Z
226,Split #226,00:00:04.297,00:13:28.659,2023-04-03T19:07:39.875Z
227,Split #227,00:00:04.638,00:13:33.297,2023-04-03T19:07:44.513Z
228,Split #228,00:00:04.790,00:13:38.087,2023-04-03T19:07:49.303Z
229,Split #229,00:00:04.390,00:13:42.477,2023-04-03T19:07:53.693Z
230,Split #230,00:00:03.643,00:13:46.120,2023-04-03T19:07:57.336Z
231,Split #231,00:00:04.142,00:13:50.262,2023-04-03T19:08:01.478Z
232,Split #232,00:00:03.668,00:13:53.930,2023-04-03T19:08:05.146Z
233,Split #233,00:00:03.532,00:13:57.462,2023-04-03T19:08:08.678Z
234,Split #234,00:00:03.609,00:14:01.071,2023-04-03T19:08:12.287Z
235,Split #235,00:00:04.277,00:14:05.348,2023-04-03T19:08:16.564Z
236,Split #236,00:00:03.667,00:14:09.015,2023-04-03T19:08:20.231Z
237,Split #237,00:00:03.667,00:14:12.682,2023-04-03T19:08:23.898Z
238,Split #238,00:00:03.892,00:14:16.574,2023-04-03T19:08:27.790Z
239,Split #239,00:00:03.894,00:14:20.468,2023-04-03T19:08:31.684Z
240,Split #240,00:00:03.735,00:14:24.203,2023-04-03T19:08:35.419Z
241,Split #241,00:00:03.553,00:14:27.756,2023-04-03T19:08:38.972Z
242,Split #242,00:00:03.601,00:14:31.357,2023-04-03T19:08:42.573Z
243,Split #243,00:00:04.546,00:14:35.903,2023-04-03T19:08:47.119Z
244,Split #244,00:00:03.489,00:14:39.392,2023-04-03T19:08:50.608Z
245,Split #245,00:00:03.215,00:14:42.607,2023-04-03T19:08:53.823Z
246,Split #246,00:00:03.723,00:14:46.330,2023-04-03T19:08:57.546Z
247,Split #247,00:00:04.840,00:14:51.170,2023-04-03T19:09:02.386Z
248,Split #248,00:00:04.139,00:14:55.309,2023-04-03T19:09:06.525Z
249,Split #249,00:00:04.388,00:14:59.697,2023-04-03T19:09:10.913Z
250,Split #250,00:00:03.261,00:15:02.958,2023-04-03T19:09:14.174Z
251,Split #251,00:00:04.030,00:15:06.988,2023-04-03T19:09:18.204Z
252,Split #252,00:00:03.620,00:15:10.608,2023-04-03T19:09:21.824Z
253,Split #253,00:00:03.600,00:15:14.208,2023-04-03T19:09:25.424Z
254,Split #254,00:00:03.916,00:15:18.124,2023-04-03T19:09:29.340Z
255,Split #255,00:00:03.937,00:15:22.061,2023-04-03T19:09:33.277Z
256,Split #256,00:00:03.916,00:15:25.977,2023-04-03T19:09:37.193Z
257,Split #257,00:00:06.007,00:15:31.984,2023-04-03T19:09:43.200Z
258,Split #258,00:00:05.985,00:15:37.969,2023-04-03T19:09:49.185Z
259,Split #259,00:00:14.017,00:15:51.986,2023-04-03T19:10:03.202Z
260,Split #260,00:00:07.716,00:15:59.702,2023-04-03T19:10:10.918Z
261,Pause #1,---,---,2023-04-03T19:10:10.918Z