#,Label,Interval,Total,Time Recorded
000,Start #1,---,---,2023-03-20T08:38:23.094Z
001,Split #1,00:00:03.372,00:00:03.372,2023-03-20T08:38:26.466Z
002,Split #2,00:00:02.152,00:00:05.524,2023-03-20T08:38:28.618Z
003,Split #3,00:00:03.580,00:00:09.104,2023-03-20T08:38:32.198Z
004,Split #4,00:00:03.474,00:00:12.578,2023-03-20T08:38:35.672Z
005,Split #5,00:00:03.420,00:00:15.998,2023-03-20T08:38:39.092Z
006,Split #6,00:00:03.329,00:00:19.327,2023-03-20T08:38:42.421Z
007,Split #7,00:00:03.521,00:00:22.848,2023-03-20T08:38:45.942Z
008,Split #8,00:00:03.063,00:00:25.911,2023-03-20T08:38:49.005Z
009,Split #9,00:00:03.958,00:00:29.869,2023-03-20T08:38:52.963Z
010,Split #10,00:00:03.555,00:00:33.424,2023-03-20T08:38:56.518Z
011,Split #11,00:00:03.488,00:00:36.912,2023-03-20T08:39:00.006Z
012,Split #12,00:00:03.418,00:00:40.330,2023-03-20T08:39:03.424Z
013,Split #13,00:00:03.128,00:00:43.458,2023-03-20T08:39:06.552Z
014,Split #14,00:00:03.746,00:00:47.204,2023-03-20T08:39:10.298Z
015,Split #15,00:00:03.444,00:00:50.648,2023-03-20T08:39:13.742Z
016,Split #16,00:00:03.218,00:00:53.866,2023-03-20T08:39:16.960Z
017,Split #17,00:00:03.755,00:00:57.621,2023-03-20T08:39:20.715Z
018,Split #18,00:00:03.624,00:01:01.245,2023-03-20T08:39:24.339Z
019,Split #19,00:00:02.960,00:01:04.205,2023-03-20T08:39:27.299Z
020,Split #20,00:00:02.990,00:01:07.195,2023-03-20T08:39:30.289Z
021,Split #21,00:00:02.988,00:01:10.183,2023-03-20T08:39:33.277Z
022,Split #22,00:00:03.149,00:01:13.332,2023-03-20T08:39:36.426Z
023,Split #23,00:00:03.084,00:01:16.416,2023-03-20T08:39:39.510Z
024,Split #24,00:00:02.970,00:01:19.386,2023-03-20T08:39:42.480Z
025,Split #25,00:00:03.802,00:01:23.188,2023-03-20T08:39:46.282Z
026,Split #26,00:00:03.465,00:01:26.653,2023-03-20T08:39:49.747Z
027,Split #27,00:00:02.812,00:01:29.465,2023-03-20T08:39:52.559Z
028,Split #28,00:00:02.848,00:01:32.313,2023-03-20T08:39:55.407Z
029,Split #29,00:00:03.159,00:01:35.472,2023-03-20T08:39:58.566Z
030,Split #30,00:00:03.466,00:01:38.938,2023-03-20T08:40:02.032Z
031,Split #31,00:00:03.094,00:01:42.032,2023-03-20T08:40:05.126Z
032,Split #32,00:00:03.138,00:01:45.170,2023-03-20T08:40:08.264Z
033,Split #33,00:00:03.353,00:01:48.523,2023-03-20T08:40:11.617Z
034,Split #34,00:00:03.217,00:01:51.740,2023-03-20T08:40:14.834Z
035,Split #35,00:00:02.847,00:01:54.587,2023-03-20T08:40:17.681Z
036,Split #36,00:00:03.104,00:01:57.691,2023-03-20T08:40:20.785Z
037,Split #37,00:00:03.331,00:02:01.022,2023-03-20T08:40:24.116Z
038,Split #38,00:00:03.018,00:02:04.040,2023-03-20T08:40:27.134Z
039,Split #39,00:00:02.767,00:02:06.807,2023-03-20T08:40:29.901Z
040,Split #40,00:00:03.069,00:02:09.876,2023-03-20T08:40:32.970Z
041,Split #41,00:00:02.789,00:02:12.665,2023-03-20T08:40:35.759Z
042,Split #42,00:00:02.861,00:02:15.526,2023-03-20T08:40:38.620Z
043,Split #43,00:00:03.597,00:02:19.123,2023-03-20T08:40:42.217Z
044,Split #44,00:00:02.790,00:02:21.913,2023-03-20T08:40:45.007Z
045,Split #45,00:00:02.847,00:02:24.760,2023-03-20T08:40:47.854Z
046,Split #46,00:00:02.991,00:02:27.751,2023-03-20T08:40:50.845Z
047,Split #47,00:00:02.970,00:02:30.721,2023-03-20T08:40:53.815Z
048,Split #48,00:00:02.836,00:02:33.557,2023-03-20T08:40:56.651Z
049,Split #49,00:00:03.194,00:02:36.751,2023-03-20T08:40:59.845Z
050,Split #50,00:00:04.132,00:02:40.883,2023-03-20T08:41:03.977Z
051,Split #51,00:00:03.328,00:02:44.211,2023-03-20T08:41:07.305Z
052,Split #52,00:00:03.362,00:02:47.573,2023-03-20T08:41:10.667Z
053,Split #53,00:00:02.904,00:02:50.477,2023-03-20T08:41:13.571Z
054,Split #54,00:00:03.061,00:02:53.538,2023-03-20T08:41:16.632Z
055,Split #55,00:00:02.913,00:02:56.451,2023-03-20T08:41:19.545Z
056,Split #56,00:00:02.991,00:02:59.442,2023-03-20T08:41:22.536Z
057,Split #57,00:00:02.883,00:03:02.325,2023-03-20T08:41:25.419Z
058,Split #58,00:00:02.743,00:03:05.068,2023-03-20T08:41:28.162Z
059,Split #59,00:00:02.590,00:03:07.658,2023-03-20T08:41:30.752Z
060,Split #60,00:00:02.495,00:03:10.153,2023-03-20T08:41:33.247Z
061,Split #61,00:00:02.554,00:03:12.707,2023-03-20T08:41:35.801Z
062,Split #62,00:00:02.455,00:03:15.162,2023-03-20T08:41:38.256Z
063,Split #63,00:00:02.517,00:03:17.679,2023-03-20T08:41:40.773Z
064,Split #64,00:00:02.587,00:03:20.266,2023-03-20T08:41:43.360Z
065,Split #65,00:00:02.555,00:03:22.821,2023-03-20T08:41:45.915Z
066,Split #66,00:00:02.576,00:03:25.397,2023-03-20T08:41:48.491Z
067,Split #67,00:00:02.541,00:03:27.938,2023-03-20T08:41:51.032Z
068,Split #68,00:00:02.726,00:03:30.664,2023-03-20T08:41:53.758Z
069,Split #69,00:00:02.698,00:03:33.362,2023-03-20T08:41:56.456Z
070,Split #70,00:00:02.669,00:03:36.031,2023-03-20T08:41:59.125Z
071,Split #71,00:00:02.707,00:03:38.738,2023-03-20T08:42:01.832Z
072,Split #72,00:00:02.701,00:03:41.439,2023-03-20T08:42:04.533Z
073,Split #73,00:00:02.542,00:03:43.981,2023-03-20T08:42:07.075Z
074,Split #74,00:00:02.723,00:03:46.704,2023-03-20T08:42:09.798Z
075,Split #75,00:00:02.767,00:03:49.471,2023-03-20T08:42:12.565Z
076,Split #76,00:00:02.655,00:03:52.126,2023-03-20T08:42:15.220Z
077,Split #77,00:00:02.903,00:03:55.029,2023-03-20T08:42:18.123Z
078,Split #78,00:00:04.095,00:03:59.124,2023-03-20T08:42:22.218Z
079,Split #79,00:00:03.150,00:04:02.274,2023-03-20T08:42:25.368Z
080,Split #80,00:00:02.936,00:04:05.210,2023-03-20T08:42:28.304Z
081,Split #81,00:00:03.084,00:04:08.294,2023-03-20T08:42:31.388Z
082,Split #82,00:00:04.230,00:04:12.524,2023-03-20T08:42:35.618Z
083,Split #83,00:00:03.700,00:04:16.224,2023-03-20T08:42:39.318Z
084,Split #84,00:00:03.400,00:04:19.624,2023-03-20T08:42:42.718Z
085,Split #85,00:00:03.497,00:04:23.121,2023-03-20T08:42:46.215Z
086,Split #86,00:00:02.700,00:04:25.821,2023-03-20T08:42:48.915Z
087,Split #87,00:00:02.632,00:04:28.453,2023-03-20T08:42:51.547Z
088,Split #88,00:00:02.578,00:04:31.031,2023-03-20T08:42:54.125Z
089,Split #89,00:00:02.338,00:04:33.369,2023-03-20T08:42:56.463Z
090,Split #90,00:00:03.512,00:04:36.881,2023-03-20T08:42:59.975Z
091,Split #91,00:00:02.631,00:04:39.512,2023-03-20T08:43:02.606Z
092,Split #92,00:00:02.791,00:04:42.303,2023-03-20T08:43:05.397Z
093,Split #93,00:00:02.991,00:04:45.294,2023-03-20T08:43:08.388Z
094,Split #94,00:00:03.218,00:04:48.512,2023-03-20T08:43:11.606Z
095,Split #95,00:00:02.947,00:04:51.459,2023-03-20T08:43:14.553Z
096,Split #96,00:00:02.834,00:04:54.293,2023-03-20T08:43:17.387Z
097,Split #97,00:00:02.814,00:04:57.107,2023-03-20T08:43:20.201Z
098,Split #98,00:00:03.083,00:05:00.190,2023-03-20T08:43:23.284Z
099,Split #99,00:00:02.856,00:05:03.046,2023-03-20T08:43:26.140Z
100,Split #100,00:00:02.971,00:05:06.017,2023-03-20T08:43:29.111Z
101,Split #101,00:00:02.691,00:05:08.708,2023-03-20T08:43:31.802Z
102,Split #102,00:00:03.012,00:05:11.720,2023-03-20T08:43:34.814Z
103,Split #103,00:00:03.016,00:05:14.736,2023-03-20T08:43:37.830Z
104,Split #104,00:00:03.489,00:05:18.225,2023-03-20T08:43:41.319Z
105,Split #105,00:00:03.013,00:05:21.238,2023-03-20T08:43:44.332Z
106,Split #106,00:00:02.928,00:05:24.166,2023-03-20T08:43:47.260Z
107,Split #107,00:00:03.451,00:05:27.617,2023-03-20T08:43:50.711Z
108,Split #108,00:00:03.127,00:05:30.744,2023-03-20T08:43:53.838Z
109,Split #109,00:00:03.141,00:05:33.885,2023-03-20T08:43:56.979Z
110,Split #110,00:00:03.126,00:05:37.011,2023-03-20T08:44:00.105Z
111,Split #111,00:00:03.038,00:05:40.049,2023-03-20T08:44:03.143Z
112,Split #112,00:00:03.039,00:05:43.088,2023-03-20T08:44:06.182Z
113,Split #113,00:00:03.195,00:05:46.283,2023-03-20T08:44:09.377Z
114,Split #114,00:00:03.440,00:05:49.723,2023-03-20T08:44:12.817Z
115,Split #115,00:00:03.217,00:05:52.940,2023-03-20T08:44:16.034Z
116,Split #116,00:00:03.217,00:05:56.157,2023-03-20T08:44:19.251Z
117,Split #117,00:00:03.084,00:05:59.241,2023-03-20T08:44:22.335Z
118,Split #118,00:00:03.441,00:06:02.682,2023-03-20T08:44:25.776Z
119,Split #119,00:00:03.244,00:06:05.926,2023-03-20T08:44:29.020Z
120,Split #120,00:00:03.012,00:06:08.938,2023-03-20T08:44:32.032Z
121,Split #121,00:00:03.331,00:06:12.269,2023-03-20T08:44:35.363Z
122,Split #122,00:00:03.711,00:06:15.980,2023-03-20T08:44:39.074Z
123,Split #123,00:00:02.701,00:06:18.681,2023-03-20T08:44:41.775Z
124,Split #124,00:00:02.700,00:06:21.381,2023-03-20T08:44:44.475Z
125,Split #125,00:00:02.340,00:06:23.721,2023-03-20T08:44:46.815Z
126,Split #126,00:00:01.620,00:06:25.341,2023-03-20T08:44:48.435Z
127,Split #127,00:00:03.578,00:06:28.919,2023-03-20T08:44:52.013Z
128,Split #128,00:00:03.960,00:06:32.879,2023-03-20T08:44:55.973Z
129,Split #129,00:00:03.555,00:06:36.434,2023-03-20T08:44:59.528Z
130,Split #130,00:00:03.644,00:06:40.078,2023-03-20T08:45:03.172Z
131,Split #131,00:00:03.599,00:06:43.677,2023-03-20T08:45:06.771Z
132,Split #132,00:00:03.354,00:06:47.031,2023-03-20T08:45:10.125Z
133,Split #133,00:00:03.600,00:06:50.631,2023-03-20T08:45:13.725Z
134,Split #134,00:00:03.711,00:06:54.342,2023-03-20T08:45:17.436Z
135,Split #135,00:00:07.347,00:07:01.689,2023-03-20T08:45:24.783Z
136,Split #136,00:00:04.321,00:07:06.010,2023-03-20T08:45:29.104Z
137,Split #137,00:00:03.465,00:07:09.475,2023-03-20T08:45:32.569Z
138,Split #138,00:00:03.779,00:07:13.254,2023-03-20T08:45:36.348Z
139,Split #139,00:00:04.253,00:07:17.507,2023-03-20T08:45:40.601Z
140,Split #140,00:00:03.422,00:07:20.929,2023-03-20T08:45:44.023Z
141,Split #141,00:00:03.057,00:07:23.986,2023-03-20T08:45:47.080Z
142,Split #142,00:00:03.871,00:07:27.857,2023-03-20T08:45:50.951Z
143,Split #143,00:00:03.464,00:07:31.321,2023-03-20T08:45:54.415Z
144,Split #144,00:00:03.446,00:07:34.767,2023-03-20T08:45:57.861Z
145,Split #145,00:00:03.395,00:07:38.162,2023-03-20T08:46:01.256Z
146,Split #146,00:00:02.835,00:07:40.997,2023-03-20T08:46:04.091Z
147,Split #147,00:00:03.217,00:07:44.214,2023-03-20T08:46:07.308Z
148,Split #148,00:00:03.016,00:07:47.230,2023-03-20T08:46:10.324Z
149,Split #149,00:00:03.174,00:07:50.404,2023-03-20T08:46:13.498Z
150,Split #150,00:00:03.487,00:07:53.891,2023-03-20T08:46:16.985Z
151,Split #151,00:00:03.687,00:07:57.578,2023-03-20T08:46:20.672Z
152,Split #152,00:00:03.837,00:08:01.415,2023-03-20T08:46:24.509Z
153,Split #153,00:00:03.693,00:08:05.108,2023-03-20T08:46:28.202Z
154,Split #154,00:00:03.057,00:08:08.165,2023-03-20T08:46:31.259Z
155,Split #155,00:00:03.198,00:08:11.363,2023-03-20T08:46:34.457Z
156,Split #156,00:00:03.149,00:08:14.512,2023-03-20T08:46:37.606Z
157,Split #157,00:00:02.923,00:08:17.435,2023-03-20T08:46:40.529Z
158,Split #158,00:00:02.858,00:08:20.293,2023-03-20T08:46:43.387Z
159,Split #159,00:00:02.700,00:08:22.993,2023-03-20T08:46:46.087Z
160,Split #160,00:00:02.722,00:08:25.715,2023-03-20T08:46:48.809Z
161,Split #161,00:00:02.655,00:08:28.370,2023-03-20T08:46:51.464Z
162,Split #162,00:00:02.700,00:08:31.070,2023-03-20T08:46:54.164Z
163,Split #163,00:00:03.083,00:08:34.153,2023-03-20T08:46:57.247Z
164,Split #164,00:00:02.936,00:08:37.089,2023-03-20T08:47:00.183Z
165,Split #165,00:00:02.791,00:08:39.880,2023-03-20T08:47:02.974Z
166,Split #166,00:00:02.744,00:08:42.624,2023-03-20T08:47:05.718Z
167,Split #167,00:00:02.950,00:08:45.574,2023-03-20T08:47:08.668Z
168,Split #168,00:00:02.981,00:08:48.555,2023-03-20T08:47:11.649Z
169,Split #169,00:00:02.810,00:08:51.365,2023-03-20T08:47:14.459Z
170,Split #170,00:00:02.993,00:08:54.358,2023-03-20T08:47:17.452Z
171,Split #171,00:00:03.171,00:08:57.529,2023-03-20T08:47:20.623Z
172,Split #172,00:00:03.064,00:09:00.593,2023-03-20T08:47:23.687Z
173,Split #173,00:00:03.149,00:09:03.742,2023-03-20T08:47:26.836Z
174,Split #174,00:00:03.262,00:09:07.004,2023-03-20T08:47:30.098Z
175,Split #175,00:00:03.193,00:09:10.197,2023-03-20T08:47:33.291Z
176,Split #176,00:00:03.106,00:09:13.303,2023-03-20T08:47:36.397Z
177,Split #177,00:00:03.376,00:09:16.679,2023-03-20T08:47:39.773Z
178,Split #178,00:00:03.353,00:09:20.032,2023-03-20T08:47:43.126Z
179,Split #179,00:00:04.017,00:09:24.049,2023-03-20T08:47:47.143Z
180,Split #180,00:00:03.083,00:09:27.132,2023-03-20T08:47:50.226Z
181,Split #181,00:00:03.013,00:09:30.145,2023-03-20T08:47:53.239Z
182,Split #182,00:00:03.240,00:09:33.385,2023-03-20T08:47:56.479Z
183,Split #183,00:00:03.354,00:09:36.739,2023-03-20T08:47:59.833Z
184,Split #184,00:00:02.946,00:09:39.685,2023-03-20T08:48:02.779Z
185,Split #185,00:00:03.273,00:09:42.958,2023-03-20T08:48:06.052Z
186,Split #186,00:00:02.881,00:09:45.839,2023-03-20T08:48:08.933Z
187,Split #187,00:00:03.194,00:09:49.033,2023-03-20T08:48:12.127Z
188,Split #188,00:00:03.083,00:09:52.116,2023-03-20T08:48:15.210Z
189,Split #189,00:00:03.083,00:09:55.199,2023-03-20T08:48:18.293Z
190,Split #190,00:00:03.149,00:09:58.348,2023-03-20T08:48:21.442Z
191,Split #191,00:00:03.870,00:10:02.218,2023-03-20T08:48:25.312Z
192,Split #192,00:00:01.979,00:10:04.197,2023-03-20T08:48:27.291Z
193,Split #193,00:00:02.971,00:10:07.168,2023-03-20T08:48:30.262Z
194,Split #194,00:00:03.105,00:10:10.273,2023-03-20T08:48:33.367Z
195,Split #195,00:00:02.925,00:10:13.198,2023-03-20T08:48:36.292Z
196,Split #196,00:00:02.500,00:10:15.698,2023-03-20T08:48:38.792Z
197,Split #197,00:00:02.698,00:10:18.396,2023-03-20T08:48:41.490Z
198,Split #198,00:00:02.789,00:10:21.185,2023-03-20T08:48:44.279Z
199,Split #199,00:00:03.084,00:10:24.269,2023-03-20T08:48:47.363Z
200,Split #200,00:00:02.968,00:10:27.237,2023-03-20T08:48:50.331Z
201,Split #201,00:00:02.972,00:10:30.209,2023-03-20T08:48:53.303Z
202,Split #202,00:00:03.242,00:10:33.451,2023-03-20T08:48:56.545Z
203,Split #203,00:00:03.811,00:10:37.262,2023-03-20T08:49:00.356Z
204,Split #204,00:00:02.845,00:10:40.107,2023-03-20T08:49:03.201Z
205,Split #205,00:00:02.656,00:10:42.763,2023-03-20T08:49:05.857Z
206,Split #206,00:00:02.994,00:10:45.757,2023-03-20T08:49:08.851Z
207,Split #207,00:00:02.361,00:10:48.118,2023-03-20T08:49:11.212Z
208,Split #208,00:00:02.633,00:10:50.751,2023-03-20T08:49:13.845Z
209,Split #209,00:00:02.361,00:10:53.112,2023-03-20T08:49:16.206Z
210,Split #210,00:00:03.691,00:10:56.803,2023-03-20T08:49:19.897Z
211,Split #211,00:00:04.343,00:11:01.146,2023-03-20T08:49:24.240Z
212,Split #212,00:00:04.219,00:11:05.365,2023-03-20T08:49:28.459Z
213,Split #213,00:00:03.545,00:11:08.910,2023-03-20T08:49:32.004Z
214,Split #214,00:00:03.420,00:11:12.330,2023-03-20T08:49:35.424Z
215,Split #215,00:00:03.440,00:11:15.770,2023-03-20T08:49:38.864Z
216,Split #216,00:00:03.871,00:11:19.641,2023-03-20T08:49:42.735Z
217,Split #217,00:00:01.060,00:11:20.701,2023-03-20T08:49:43.795Z
218,Split #218,00:00:03.686,00:11:24.387,2023-03-20T08:49:47.481Z
219,Split #219,00:00:03.556,00:11:27.943,2023-03-20T08:49:51.037Z
220,Split #220,00:00:04.364,00:11:32.307,2023-03-20T08:49:55.401Z
221,Split #221,00:00:02.835,00:11:35.142,2023-03-20T08:49:58.236Z
222,Split #222,00:00:02.938,00:11:38.080,2023-03-20T08:50:01.174Z
223,Split #223,00:00:02.644,00:11:40.724,2023-03-20T08:50:03.818Z
224,Split #224,00:00:02.848,00:11:43.572,2023-03-20T08:50:06.666Z
225,Split #225,00:00:02.754,00:11:46.326,2023-03-20T08:50:09.420Z
226,Split #226,00:00:02.858,00:11:49.184,2023-03-20T08:50:12.278Z
227,Split #227,00:00:02.946,00:11:52.130,2023-03-20T08:50:15.224Z
228,Split #228,00:00:02.970,00:11:55.100,2023-03-20T08:50:18.194Z
229,Split #229,00:00:02.768,00:11:57.868,2023-03-20T08:50:20.962Z
230,Split #230,00:00:03.129,00:12:00.997,2023-03-20T08:50:24.091Z
231,Split #231,00:00:02.363,00:12:03.360,2023-03-20T08:50:26.454Z
232,Split #232,00:00:03.958,00:12:07.318,2023-03-20T08:50:30.412Z
233,Split #233,00:00:02.789,00:12:10.107,2023-03-20T08:50:33.201Z
234,Split #234,00:00:03.027,00:12:13.134,2023-03-20T08:50:36.228Z
235,Split #235,00:00:02.959,00:12:16.093,2023-03-20T08:50:39.187Z
236,Split #236,00:00:03.388,00:12:19.481,2023-03-20T08:50:42.575Z
237,Split #237,00:00:03.250,00:12:22.731,2023-03-20T08:50:45.825Z
238,Split #238,00:00:03.195,00:12:25.926,2023-03-20T08:50:49.020Z
239,Split #239,00:00:03.464,00:12:29.390,2023-03-20T08:50:52.484Z
240,Split #240,00:00:02.970,00:12:32.360,2023-03-20T08:50:55.454Z
241,Split #241,00:00:02.814,00:12:35.174,2023-03-20T08:50:58.268Z
242,Split #242,00:00:02.722,00:12:37.896,2023-03-20T08:51:00.990Z
243,Split #243,00:00:02.756,00:12:40.652,2023-03-20T08:51:03.746Z
244,Split #244,00:00:03.288,00:12:43.940,2023-03-20T08:51:07.034Z
245,Split #245,00:00:02.854,00:12:46.794,2023-03-20T08:51:09.888Z
246,Split #246,00:00:02.768,00:12:49.562,2023-03-20T08:51:12.656Z
247,Split #247,00:00:02.700,00:12:52.262,2023-03-20T08:51:15.356Z
248,Split #248,00:00:03.352,00:12:55.614,2023-03-20T08:51:18.708Z
249,Split #249,00:00:02.882,00:12:58.496,2023-03-20T08:51:21.590Z
250,Split #250,00:00:02.788,00:13:01.284,2023-03-20T08:51:24.378Z
251,Split #251,00:00:02.521,00:13:03.805,2023-03-20T08:51:26.899Z
252,Split #252,00:00:02.994,00:13:06.799,2023-03-20T08:51:29.893Z
253,Split #253,00:00:03.747,00:13:10.546,2023-03-20T08:51:33.640Z
254,Split #254,00:00:03.630,00:13:14.176,2023-03-20T08:51:37.270Z
255,Split #255,00:00:03.713,00:13:17.889,2023-03-20T08:51:40.983Z
256,Split #256,00:00:03.420,00:13:21.309,2023-03-20T08:51:44.403Z
257,Split #257,00:00:03.736,00:13:25.045,2023-03-20T08:51:48.139Z
258,Split #258,00:00:04.252,00:13:29.297,2023-03-20T08:51:52.391Z
259,Split #259,00:00:05.445,00:13:34.742,2023-03-20T08:51:57.836Z
260,Split #260,00:00:11.076,00:13:45.818,2023-03-20T08:52:08.912Z
261,Pause #1,---,---,2023-03-20T08:52:08.912Z