#,Label,Interval,Total,Time Recorded
000,Start #1,---,---,2023-03-29T19:32:34.716Z
001,Split #1,00:00:09.228,00:00:09.228,2023-03-29T19:32:43.944Z
002,Split #2,00:00:02.602,00:00:11.830,2023-03-29T19:32:46.546Z
003,Split #3,00:00:03.545,00:00:15.375,2023-03-29T19:32:50.091Z
004,Split #4,00:00:03.532,00:00:18.907,2023-03-29T19:32:53.623Z
005,Split #5,00:00:03.194,00:00:22.101,2023-03-29T19:32:56.817Z
006,Split #6,00:00:03.533,00:00:25.634,2023-03-29T19:33:00.350Z
007,Split #7,00:00:03.307,00:00:28.941,2023-03-29T19:33:03.657Z
008,Split #8,00:00:03.444,00:00:32.385,2023-03-29T19:33:07.101Z
009,Split #9,00:00:03.553,00:00:35.938,2023-03-29T19:33:10.654Z
010,Split #10,00:00:03.444,00:00:39.382,2023-03-29T19:33:14.098Z
011,Split #11,00:00:03.488,00:00:42.870,2023-03-29T19:33:17.586Z
012,Split #12,00:00:02.789,00:00:45.659,2023-03-29T19:33:20.375Z
013,Split #13,00:00:03.105,00:00:48.764,2023-03-29T19:33:23.480Z
014,Split #14,00:00:03.286,00:00:52.050,2023-03-29T19:33:26.766Z
015,Split #15,00:00:03.014,00:00:55.064,2023-03-29T19:33:29.780Z
016,Split #16,00:00:02.947,00:00:58.011,2023-03-29T19:33:32.727Z
017,Split #17,00:00:03.489,00:01:01.500,2023-03-29T19:33:36.216Z
018,Split #18,00:00:02.722,00:01:04.222,2023-03-29T19:33:38.938Z
019,Split #19,00:00:00.878,00:01:05.100,2023-03-29T19:33:39.816Z
020,Split #20,00:00:03.037,00:01:08.137,2023-03-29T19:33:42.853Z
021,Split #21,00:00:03.038,00:01:11.175,2023-03-29T19:33:45.891Z
022,Split #22,00:00:02.992,00:01:14.167,2023-03-29T19:33:48.883Z
023,Split #23,00:00:03.062,00:01:17.229,2023-03-29T19:33:51.945Z
024,Split #24,00:00:03.080,00:01:20.309,2023-03-29T19:33:55.025Z
025,Split #25,00:00:03.106,00:01:23.415,2023-03-29T19:33:58.131Z
026,Split #26,00:00:03.646,00:01:27.061,2023-03-29T19:34:01.777Z
027,Split #27,00:00:02.677,00:01:29.738,2023-03-29T19:34:04.454Z
028,Split #28,00:00:02.204,00:01:31.942,2023-03-29T19:34:06.658Z
029,Split #29,00:00:02.227,00:01:34.169,2023-03-29T19:34:08.885Z
030,Split #30,00:00:02.453,00:01:36.622,2023-03-29T19:34:11.338Z
031,Split #31,00:00:02.633,00:01:39.255,2023-03-29T19:34:13.971Z
032,Split #32,00:00:02.553,00:01:41.808,2023-03-29T19:34:16.524Z
033,Split #33,00:00:02.454,00:01:44.262,2023-03-29T19:34:18.978Z
034,Split #34,00:00:02.722,00:01:46.984,2023-03-29T19:34:21.700Z
035,Split #35,00:00:02.385,00:01:49.369,2023-03-29T19:34:24.085Z
036,Split #36,00:00:02.634,00:01:52.003,2023-03-29T19:34:26.719Z
037,Split #37,00:00:02.405,00:01:54.408,2023-03-29T19:34:29.124Z
038,Split #38,00:00:02.408,00:01:56.816,2023-03-29T19:34:31.532Z
039,Split #39,00:00:02.342,00:01:59.158,2023-03-29T19:34:33.874Z
040,Split #40,00:00:02.338,00:02:01.496,2023-03-29T19:34:36.212Z
041,Split #41,00:00:02.633,00:02:04.129,2023-03-29T19:34:38.845Z
042,Split #42,00:00:02.317,00:02:06.446,2023-03-29T19:34:41.162Z
043,Split #43,00:00:02.366,00:02:08.812,2023-03-29T19:34:43.528Z
044,Split #44,00:00:02.844,00:02:11.656,2023-03-29T19:34:46.372Z
045,Split #45,00:00:02.724,00:02:14.380,2023-03-29T19:34:49.096Z
046,Split #46,00:00:02.461,00:02:16.841,2023-03-29T19:34:51.557Z
047,Split #47,00:00:02.522,00:02:19.363,2023-03-29T19:34:54.079Z
048,Split #48,00:00:02.385,00:02:21.748,2023-03-29T19:34:56.464Z
049,Split #49,00:00:02.420,00:02:24.168,2023-03-29T19:34:58.884Z
050,Split #50,00:00:02.473,00:02:26.641,2023-03-29T19:35:01.357Z
051,Split #51,00:00:02.587,00:02:29.228,2023-03-29T19:35:03.944Z
052,Split #52,00:00:02.274,00:02:31.502,2023-03-29T19:35:06.218Z
053,Split #53,00:00:02.327,00:02:33.829,2023-03-29T19:35:08.545Z
054,Split #54,00:00:02.295,00:02:36.124,2023-03-29T19:35:10.840Z
055,Split #55,00:00:02.475,00:02:38.599,2023-03-29T19:35:13.315Z
056,Split #56,00:00:02.453,00:02:41.052,2023-03-29T19:35:15.768Z
057,Split #57,00:00:02.474,00:02:43.526,2023-03-29T19:35:18.242Z
058,Split #58,00:00:02.430,00:02:45.956,2023-03-29T19:35:20.672Z
059,Split #59,00:00:02.432,00:02:48.388,2023-03-29T19:35:23.104Z
060,Split #60,00:00:02.407,00:02:50.795,2023-03-29T19:35:25.511Z
061,Split #61,00:00:02.431,00:02:53.226,2023-03-29T19:35:27.942Z
062,Split #62,00:00:02.363,00:02:55.589,2023-03-29T19:35:30.305Z
063,Split #63,00:00:02.183,00:02:57.772,2023-03-29T19:35:32.488Z
064,Split #64,00:00:02.224,00:02:59.996,2023-03-29T19:35:34.712Z
065,Split #65,00:00:02.544,00:03:02.540,2023-03-29T19:35:37.256Z
066,Split #66,00:00:02.724,00:03:05.264,2023-03-29T19:35:39.980Z
067,Split #67,00:00:02.699,00:03:07.963,2023-03-29T19:35:42.679Z
068,Split #68,00:00:02.702,00:03:10.665,2023-03-29T19:35:45.381Z
069,Split #69,00:00:03.305,00:03:13.970,2023-03-29T19:35:48.686Z
070,Split #70,00:00:02.913,00:03:16.883,2023-03-29T19:35:51.599Z
071,Split #71,00:00:02.802,00:03:19.685,2023-03-29T19:35:54.401Z
072,Split #72,00:00:02.902,00:03:22.587,2023-03-29T19:35:57.303Z
073,Split #73,00:00:02.928,00:03:25.515,2023-03-29T19:36:00.231Z
074,Split #74,00:00:02.607,00:03:28.122,2023-03-29T19:36:02.838Z
075,Split #75,00:00:02.768,00:03:30.890,2023-03-29T19:36:05.606Z
076,Split #76,00:00:03.690,00:03:34.580,2023-03-29T19:36:09.296Z
077,Split #77,00:00:02.700,00:03:37.280,2023-03-29T19:36:11.996Z
078,Split #78,00:00:03.761,00:03:41.041,2023-03-29T19:36:15.757Z
079,Split #79,00:00:02.495,00:03:43.536,2023-03-29T19:36:18.252Z
080,Split #80,00:00:01.912,00:03:45.448,2023-03-29T19:36:20.164Z
081,Split #81,00:00:02.318,00:03:47.766,2023-03-29T19:36:22.482Z
082,Split #82,00:00:02.250,00:03:50.016,2023-03-29T19:36:24.732Z
083,Split #83,00:00:02.857,00:03:52.873,2023-03-29T19:36:27.589Z
084,Split #84,00:00:02.813,00:03:55.686,2023-03-29T19:36:30.402Z
085,Split #85,00:00:02.294,00:03:57.980,2023-03-29T19:36:32.696Z
086,Split #86,00:00:02.950,00:04:00.930,2023-03-29T19:36:35.646Z
087,Split #87,00:00:03.170,00:04:04.100,2023-03-29T19:36:38.816Z
088,Split #88,00:00:03.082,00:04:07.182,2023-03-29T19:36:41.898Z
089,Split #89,00:00:02.858,00:04:10.040,2023-03-29T19:36:44.756Z
090,Split #90,00:00:02.813,00:04:12.853,2023-03-29T19:36:47.569Z
091,Split #91,00:00:03.714,00:04:16.567,2023-03-29T19:36:51.283Z
092,Split #92,00:00:02.948,00:04:19.515,2023-03-29T19:36:54.231Z
093,Split #93,00:00:03.083,00:04:22.598,2023-03-29T19:36:57.314Z
094,Split #94,00:00:02.687,00:04:25.285,2023-03-29T19:37:00.001Z
095,Split #95,00:00:03.060,00:04:28.345,2023-03-29T19:37:03.061Z
096,Split #96,00:00:02.744,00:04:31.089,2023-03-29T19:37:05.805Z
097,Split #97,00:00:02.611,00:04:33.700,2023-03-29T19:37:08.416Z
098,Split #98,00:00:02.632,00:04:36.332,2023-03-29T19:37:11.048Z
099,Split #99,00:00:02.881,00:04:39.213,2023-03-29T19:37:13.929Z
100,Split #100,00:00:02.856,00:04:42.069,2023-03-29T19:37:16.785Z
101,Split #101,00:00:02.839,00:04:44.908,2023-03-29T19:37:19.624Z
102,Split #102,00:00:03.385,00:04:48.293,2023-03-29T19:37:23.009Z
103,Split #103,00:00:03.982,00:04:52.275,2023-03-29T19:37:26.991Z
104,Split #104,00:00:03.127,00:04:55.402,2023-03-29T19:37:30.118Z
105,Split #105,00:00:03.014,00:04:58.416,2023-03-29T19:37:33.132Z
106,Split #106,00:00:03.150,00:05:01.566,2023-03-29T19:37:36.282Z
107,Split #107,00:00:03.037,00:05:04.603,2023-03-29T19:37:39.319Z
108,Split #108,00:00:03.131,00:05:07.734,2023-03-29T19:37:42.450Z
109,Split #109,00:00:03.170,00:05:10.904,2023-03-29T19:37:45.620Z
110,Split #110,00:00:03.130,00:05:14.034,2023-03-29T19:37:48.750Z
111,Split #111,00:00:03.169,00:05:17.203,2023-03-29T19:37:51.919Z
112,Split #112,00:00:03.061,00:05:20.264,2023-03-29T19:37:54.980Z
113,Split #113,00:00:03.150,00:05:23.414,2023-03-29T19:37:58.130Z
114,Split #114,00:00:03.041,00:05:26.455,2023-03-29T19:38:01.171Z
115,Split #115,00:00:03.124,00:05:29.579,2023-03-29T19:38:04.295Z
116,Split #116,00:00:02.834,00:05:32.413,2023-03-29T19:38:07.129Z
117,Split #117,00:00:02.904,00:05:35.317,2023-03-29T19:38:10.033Z
118,Split #118,00:00:02.926,00:05:38.243,2023-03-29T19:38:12.959Z
119,Split #119,00:00:03.016,00:05:41.259,2023-03-29T19:38:15.975Z
120,Split #120,00:00:03.036,00:05:44.295,2023-03-29T19:38:19.011Z
121,Split #121,00:00:03.002,00:05:47.297,2023-03-29T19:38:22.013Z
122,Split #122,00:00:03.004,00:05:50.301,2023-03-29T19:38:25.017Z
123,Split #123,00:00:04.748,00:05:55.049,2023-03-29T19:38:29.765Z
124,Split #124,00:00:03.285,00:05:58.334,2023-03-29T19:38:33.050Z
125,Split #125,00:00:03.420,00:06:01.754,2023-03-29T19:38:36.470Z
126,Split #126,00:00:04.098,00:06:05.852,2023-03-29T19:38:40.568Z
127,Split #127,00:00:03.034,00:06:08.886,2023-03-29T19:38:43.602Z
128,Split #128,00:00:04.703,00:06:13.589,2023-03-29T19:38:48.305Z
129,Split #129,00:00:03.715,00:06:17.304,2023-03-29T19:38:52.020Z
130,Split #130,00:00:03.398,00:06:20.702,2023-03-29T19:38:55.418Z
131,Split #131,00:00:03.170,00:06:23.872,2023-03-29T19:38:58.588Z
132,Split #132,00:00:02.927,00:06:26.799,2023-03-29T19:39:01.515Z
133,Split #133,00:00:02.795,00:06:29.594,2023-03-29T19:39:04.310Z
134,Split #134,00:00:06.345,00:06:35.939,2023-03-29T19:39:10.655Z
135,Split #135,00:00:07.088,00:06:43.027,2023-03-29T19:39:17.743Z
136,Split #136,00:00:02.659,00:06:45.686,2023-03-29T19:39:20.402Z
137,Split #137,00:00:02.721,00:06:48.407,2023-03-29T19:39:23.123Z
138,Split #138,00:00:02.949,00:06:51.356,2023-03-29T19:39:26.072Z
139,Split #139,00:00:03.509,00:06:54.865,2023-03-29T19:39:29.581Z
140,Split #140,00:00:02.318,00:06:57.183,2023-03-29T19:39:31.899Z
141,Split #141,00:00:02.274,00:06:59.457,2023-03-29T19:39:34.173Z
142,Split #142,00:00:02.946,00:07:02.403,2023-03-29T19:39:37.119Z
143,Split #143,00:00:02.543,00:07:04.946,2023-03-29T19:39:39.662Z
144,Split #144,00:00:02.229,00:07:07.175,2023-03-29T19:39:41.891Z
145,Split #145,00:00:02.250,00:07:09.425,2023-03-29T19:39:44.141Z
146,Split #146,00:00:02.340,00:07:11.765,2023-03-29T19:39:46.481Z
147,Split #147,00:00:02.339,00:07:14.104,2023-03-29T19:39:48.820Z
148,Split #148,00:00:02.114,00:07:16.218,2023-03-29T19:39:50.934Z
149,Split #149,00:00:02.499,00:07:18.717,2023-03-29T19:39:53.433Z
150,Split #150,00:00:02.746,00:07:21.463,2023-03-29T19:39:56.179Z
151,Split #151,00:00:02.744,00:07:24.207,2023-03-29T19:39:58.923Z
152,Split #152,00:00:02.858,00:07:27.065,2023-03-29T19:40:01.781Z
153,Split #153,00:00:02.541,00:07:29.606,2023-03-29T19:40:04.322Z
154,Split #154,00:00:02.767,00:07:32.373,2023-03-29T19:40:07.089Z
155,Split #155,00:00:02.298,00:07:34.671,2023-03-29T19:40:09.387Z
156,Split #156,00:00:02.541,00:07:37.212,2023-03-29T19:40:11.928Z
157,Split #157,00:00:02.318,00:07:39.530,2023-03-29T19:40:14.246Z
158,Split #158,00:00:02.294,00:07:41.824,2023-03-29T19:40:16.540Z
159,Split #159,00:00:02.252,00:07:44.076,2023-03-29T19:40:18.792Z
160,Split #160,00:00:02.780,00:07:46.856,2023-03-29T19:40:21.572Z
161,Split #161,00:00:01.755,00:07:48.611,2023-03-29T19:40:23.327Z
162,Split #162,00:00:02.134,00:07:50.745,2023-03-29T19:40:25.461Z
163,Split #163,00:00:02.385,00:07:53.130,2023-03-29T19:40:27.846Z
164,Split #164,00:00:02.476,00:07:55.606,2023-03-29T19:40:30.322Z
165,Split #165,00:00:02.340,00:07:57.946,2023-03-29T19:40:32.662Z
166,Split #166,00:00:02.183,00:08:00.129,2023-03-29T19:40:34.845Z
167,Split #167,00:00:02.812,00:08:02.941,2023-03-29T19:40:37.657Z
168,Split #168,00:00:02.633,00:08:05.574,2023-03-29T19:40:40.290Z
169,Split #169,00:00:02.274,00:08:07.848,2023-03-29T19:40:42.564Z
170,Split #170,00:00:02.721,00:08:10.569,2023-03-29T19:40:45.285Z
171,Split #171,00:00:03.082,00:08:13.651,2023-03-29T19:40:48.367Z
172,Split #172,00:00:03.128,00:08:16.779,2023-03-29T19:40:51.495Z
173,Split #173,00:00:03.228,00:08:20.007,2023-03-29T19:40:54.723Z
174,Split #174,00:00:03.567,00:08:23.574,2023-03-29T19:40:58.290Z
175,Split #175,00:00:03.130,00:08:26.704,2023-03-29T19:41:01.420Z
176,Split #176,00:00:03.552,00:08:30.256,2023-03-29T19:41:04.972Z
177,Split #177,00:00:03.850,00:08:34.106,2023-03-29T19:41:08.822Z
178,Split #178,00:00:03.576,00:08:37.682,2023-03-29T19:41:12.398Z
179,Split #179,00:00:02.497,00:08:40.179,2023-03-29T19:41:14.895Z
180,Split #180,00:00:02.162,00:08:42.341,2023-03-29T19:41:17.057Z
181,Split #181,00:00:01.752,00:08:44.093,2023-03-29T19:41:18.809Z
182,Split #182,00:00:02.003,00:08:46.096,2023-03-29T19:41:20.812Z
183,Split #183,00:00:01.891,00:08:47.987,2023-03-29T19:41:22.703Z
184,Split #184,00:00:01.642,00:08:49.629,2023-03-29T19:41:24.345Z
185,Split #185,00:00:02.519,00:08:52.148,2023-03-29T19:41:26.864Z
186,Split #186,00:00:02.927,00:08:55.075,2023-03-29T19:41:29.791Z
187,Split #187,00:00:03.082,00:08:58.157,2023-03-29T19:41:32.873Z
188,Split #188,00:00:02.385,00:09:00.542,2023-03-29T19:41:35.258Z
189,Split #189,00:00:02.206,00:09:02.748,2023-03-29T19:41:37.464Z
190,Split #190,00:00:02.499,00:09:05.247,2023-03-29T19:41:39.963Z
191,Split #191,00:00:02.877,00:09:08.124,2023-03-29T19:41:42.840Z
192,Split #192,00:00:02.207,00:09:10.331,2023-03-29T19:41:45.047Z
193,Split #193,00:00:02.158,00:09:12.489,2023-03-29T19:41:47.205Z
194,Split #194,00:00:02.182,00:09:14.671,2023-03-29T19:41:49.387Z
195,Split #195,00:00:02.095,00:09:16.766,2023-03-29T19:41:51.482Z
196,Split #196,00:00:01.922,00:09:18.688,2023-03-29T19:41:53.404Z
197,Split #197,00:00:01.949,00:09:20.637,2023-03-29T19:41:55.353Z
198,Split #198,00:00:02.404,00:09:23.041,2023-03-29T19:41:57.757Z
199,Split #199,00:00:02.231,00:09:25.272,2023-03-29T19:41:59.988Z
200,Split #200,00:00:02.022,00:09:27.294,2023-03-29T19:42:02.010Z
201,Split #201,00:00:01.893,00:09:29.187,2023-03-29T19:42:03.903Z
202,Split #202,00:00:02.453,00:09:31.640,2023-03-29T19:42:06.356Z
203,Split #203,00:00:03.101,00:09:34.741,2023-03-29T19:42:09.457Z
204,Split #204,00:00:02.386,00:09:37.127,2023-03-29T19:42:11.843Z
205,Split #205,00:00:02.340,00:09:39.467,2023-03-29T19:42:14.183Z
206,Split #206,00:00:02.767,00:09:42.234,2023-03-29T19:42:16.950Z
207,Split #207,00:00:03.084,00:09:45.318,2023-03-29T19:42:20.034Z
208,Split #208,00:00:02.590,00:09:47.908,2023-03-29T19:42:22.624Z
209,Split #209,00:00:02.921,00:09:50.829,2023-03-29T19:42:25.545Z
210,Split #210,00:00:07.078,00:09:57.907,2023-03-29T19:42:32.623Z
211,Split #211,00:00:07.020,00:10:04.927,2023-03-29T19:42:39.643Z
212,Split #212,00:00:02.676,00:10:07.603,2023-03-29T19:42:42.319Z
213,Split #213,00:00:02.613,00:10:10.216,2023-03-29T19:42:44.932Z
214,Split #214,00:00:02.777,00:10:12.993,2023-03-29T19:42:47.709Z
215,Split #215,00:00:02.913,00:10:15.906,2023-03-29T19:42:50.622Z
216,Split #216,00:00:02.995,00:10:18.901,2023-03-29T19:42:53.617Z
217,Split #217,00:00:02.700,00:10:21.601,2023-03-29T19:42:56.317Z
218,Split #218,00:00:03.349,00:10:24.950,2023-03-29T19:42:59.666Z
219,Split #219,00:00:03.605,00:10:28.555,2023-03-29T19:43:03.271Z
220,Split #220,00:00:02.606,00:10:31.161,2023-03-29T19:43:05.877Z
221,Split #221,00:00:02.790,00:10:33.951,2023-03-29T19:43:08.667Z
222,Split #222,00:00:02.386,00:10:36.337,2023-03-29T19:43:11.053Z
223,Split #223,00:00:02.430,00:10:38.767,2023-03-29T19:43:13.483Z
224,Split #224,00:00:02.520,00:10:41.287,2023-03-29T19:43:16.003Z
225,Split #225,00:00:02.275,00:10:43.562,2023-03-29T19:43:18.278Z
226,Split #226,00:00:02.451,00:10:46.013,2023-03-29T19:43:20.729Z
227,Split #227,00:00:02.856,00:10:48.869,2023-03-29T19:43:23.585Z
228,Split #228,00:00:02.295,00:10:51.164,2023-03-29T19:43:25.880Z
229,Split #229,00:00:02.655,00:10:53.819,2023-03-29T19:43:28.535Z
230,Split #230,00:00:03.264,00:10:57.083,2023-03-29T19:43:31.799Z
231,Split #231,00:00:02.203,00:10:59.286,2023-03-29T19:43:34.002Z
232,Split #232,00:00:01.868,00:11:01.154,2023-03-29T19:43:35.870Z
233,Split #233,00:00:01.713,00:11:02.867,2023-03-29T19:43:37.583Z
234,Split #234,00:00:01.774,00:11:04.641,2023-03-29T19:43:39.357Z
235,Split #235,00:00:01.712,00:11:06.353,2023-03-29T19:43:41.069Z
236,Split #236,00:00:01.957,00:11:08.310,2023-03-29T19:43:43.026Z
237,Split #237,00:00:02.026,00:11:10.336,2023-03-29T19:43:45.052Z
238,Split #238,00:00:02.270,00:11:12.606,2023-03-29T19:43:47.322Z
239,Split #239,00:00:01.800,00:11:14.406,2023-03-29T19:43:49.122Z
240,Split #240,00:00:02.232,00:11:16.638,2023-03-29T19:43:51.354Z
241,Split #241,00:00:02.336,00:11:18.974,2023-03-29T19:43:53.690Z
242,Split #242,00:00:02.250,00:11:21.224,2023-03-29T19:43:55.940Z
243,Split #243,00:00:02.702,00:11:23.926,2023-03-29T19:43:58.642Z
244,Split #244,00:00:02.633,00:11:26.559,2023-03-29T19:44:01.275Z
245,Split #245,00:00:04.342,00:11:30.901,2023-03-29T19:44:05.617Z
246,Split #246,00:00:03.419,00:11:34.320,2023-03-29T19:44:09.036Z
247,Split #247,00:00:02.722,00:11:37.042,2023-03-29T19:44:11.758Z
248,Split #248,00:00:05.202,00:11:42.244,2023-03-29T19:44:16.960Z
249,Split #249,00:00:02.834,00:11:45.078,2023-03-29T19:44:19.794Z
250,Split #250,00:00:03.283,00:11:48.361,2023-03-29T19:44:23.077Z
251,Split #251,00:00:03.738,00:11:52.099,2023-03-29T19:44:26.815Z
252,Split #252,00:00:05.104,00:11:57.203,2023-03-29T19:44:31.919Z
253,Split #253,00:00:03.983,00:12:01.186,2023-03-29T19:44:35.902Z
254,Split #254,00:00:03.644,00:12:04.830,2023-03-29T19:44:39.546Z
255,Split #255,00:00:03.375,00:12:08.205,2023-03-29T19:44:42.921Z
256,Split #256,00:00:04.547,00:12:12.752,2023-03-29T19:44:47.468Z
257,Split #257,00:00:04.195,00:12:16.947,2023-03-29T19:44:51.663Z
258,Split #258,00:00:04.894,00:12:21.841,2023-03-29T19:44:56.557Z
259,Split #259,00:00:09.012,00:12:30.853,2023-03-29T19:45:05.569Z
260,Split #260,00:00:12.253,00:12:43.106,2023-03-29T19:45:17.822Z
261,Pause #1,---,---,2023-03-29T19:45:17.822Z